1.3675213675213675
-5.665445665445666
-21.294261294261293
-27.545787545787547
-20.903540903540904
-11.135531135531135
-0.5860805860805861
8.00976800976801
6.056166056166056
2.93040293040293
8.791208791208792
13.089133089133089
10.744810744810744
11.916971916971917
14.652014652014651
16.214896214896214
15.824175824175825
13.870573870573871
4.884004884004884
-2.5396825396825395
2.5396825396825395
10.354090354090355
13.47985347985348
20.903540903540904
22.857142857142858
15.042735042735043
10.744810744810744
9.572649572649572
4.102564102564102
0.19536019536019536
0.19536019536019536
-4.102564102564102
-13.089133089133089
-21.684981684981686
-38.095238095238095
-48.25396825396825
-42.002442002442
-38.485958485958484
-42.78388278388278
-47.863247863247864
-52.55189255189255
-59.975579975579976
-67.00854700854701
-72.08791208791209
-75.995115995116
-77.94871794871794
-75.995115995116
-75.6043956043956
-79.9023199023199
-83.80952380952381
-92.7960927960928
-92.7960927960928
-81.07448107448107
-63.101343101343105
-51.37973137973138
-46.3003663003663
-45.12820512820513
-38.876678876678874
-29.89010989010989
-27.155067155067155
-24.02930402930403
-17.77777777777778
-10.354090354090355
-5.274725274725275
-4.493284493284493
-8.4004884004884
-18.55921855921856
-22.466422466422465
-10.744810744810744
0.19536019536019536
9.181929181929181
16.214896214896214
10.744810744810744
7.228327228327228
11.526251526251526
14.652014652014651
11.916971916971917
11.135531135531135
11.916971916971917
13.47985347985348
10.744810744810744
6.446886446886447
-3.3211233211233213
-10.354090354090355
-10.744810744810744
0.19536019536019536
3.3211233211233213
9.572649572649572
14.261294261294262
9.572649572649572
11.135531135531135
15.824175824175825
17.77777777777778
15.042735042735043
16.996336996336996
16.214896214896214
13.089133089133089
9.572649572649572
-2.5396825396825395
-8.00976800976801
-3.3211233211233213
7.228327228327228
13.089133089133089
17.77777777777778
22.075702075702075
23.63858363858364
25.592185592185594
29.10866910866911
36.14163614163614
42.39316239316239
47.081807081807085
49.42612942612943
43.956043956043956
37.313797313797316
23.247863247863247
16.214896214896214
24.42002442002442
34.969474969474966
42.78388278388278
43.956043956043956
40.04884004884005
40.83028083028083
44.737484737484735
44.346764346764346
44.346764346764346
47.081807081807085
49.03540903540904
47.863247863247864
43.56532356532357
34.969474969474966
21.684981684981686
13.870573870573871
18.55921855921856
26.764346764346765
31.45299145299145
35.75091575091575
29.10866910866911
21.294261294261293
22.857142857142858
23.63858363858364
16.605616605616607
13.870573870573871
15.042735042735043
14.261294261294262
12.698412698412698
9.572649572649572
-1.3675213675213675
-9.963369963369964
-4.884004884004884
4.884004884004884
9.181929181929181
16.214896214896214
18.55921855921856
9.181929181929181
8.00976800976801
13.47985347985348
13.870573870573871
14.261294261294262
19.34065934065934
19.34065934065934
14.261294261294262
10.354090354090355
-0.19536019536019536
-7.228327228327228
1.3675213675213675
15.042735042735043
19.34065934065934
21.294261294261293
21.684981684981686
17.387057387057386
10.744810744810744
6.056166056166056
1.3675213675213675
-1.7582417582417582
-2.148962148962149
-3.3211233211233213
-8.4004884004884
-15.433455433455434
-31.062271062271062
-37.704517704517706
-34.57875457875458
-24.42002442002442
-18.168498168498168
-20.12210012210012
-26.373626373626372
-30.671550671550673
-30.671550671550673
-33.40659340659341
-36.14163614163614
-33.01587301587302
-29.10866910866911
-31.45299145299145
-35.36019536019536
-41.61172161172161
-53.333333333333336
-58.02197802197802
-45.51892551892552
-36.14163614163614
-29.10866910866911
-22.466422466422465
-27.936507936507937
-32.234432234432234
-25.592185592185594
-21.684981684981686
-26.373626373626372
-27.936507936507937
-24.81074481074481
-25.982905982905983
-30.28083028083028
-33.7973137973138
-46.69108669108669
-52.55189255189255
-40.83028083028083
-28.327228327228326
-22.466422466422465
-15.824175824175825
-13.870573870573871
-18.94993894993895
-18.55921855921856
-11.135531135531135
-9.572649572649572
-11.526251526251526
-7.619047619047619
-4.884004884004884
-6.837606837606837
-7.228327228327228
-14.652014652014651
-18.94993894993895
-9.963369963369964
4.493284493284493
9.963369963369964
11.135531135531135
13.870573870573871
10.744810744810744
5.274725274725275
5.274725274725275
4.884004884004884
4.102564102564102
5.665445665445666
3.711843711843712
-6.056166056166056
-14.261294261294262
-29.10866910866911
-39.65811965811966
-31.843711843711844
-23.247863247863247
-15.824175824175825
-15.042735042735043
-18.168498168498168
-18.168498168498168
-16.605616605616607
-20.512820512820515
-25.592185592185594
-29.10866910866911
-31.062271062271062
-34.57875457875458
-39.65811965811966
-47.472527472527474
-61.14774114774115
-70.13431013431014
-63.88278388278388
-55.67765567765568
-46.3003663003663
-36.14163614163614
-37.313797313797316
-40.43956043956044
-34.57875457875458
-30.28083028083028
-32.62515262515262
-33.01587301587302
-29.499389499389498
-27.545787545787547
-30.28083028083028
-33.40659340659341
-43.17460317460318
-48.64468864468864
-43.56532356532357
-25.982905982905983
-17.77777777777778
-9.181929181929181
-4.493284493284493
-12.307692307692308
-15.433455433455434
-9.181929181929181
-8.4004884004884
-6.837606837606837
0.19536019536019536
4.493284493284493
2.148962148962149
1.3675213675213675
-7.619047619047619
-15.042735042735043
-3.711843711843712
6.837606837606837
9.572649572649572
11.526251526251526
11.135531135531135
8.791208791208792
4.884004884004884
4.884004884004884
7.619047619047619
11.526251526251526
16.214896214896214
19.34065934065934
16.605616605616607
9.572649572649572
-2.93040293040293
-5.274725274725275
-1.7582417582417582
13.47985347985348
22.075702075702075
22.466422466422465
20.12210012210012
20.512820512820515
22.466422466422465
20.12210012210012
19.34065934065934
22.466422466422465
27.545787545787547
29.499389499389498
26.373626373626372
18.168498168498168
0.5860805860805861
-0.5860805860805861
5.665445665445666
15.824175824175825
24.42002442002442
27.155067155067155
18.55921855921856
10.744810744810744
11.916971916971917
11.526251526251526
5.665445665445666
4.102564102564102
8.4004884004884
11.526251526251526
13.089133089133089
9.572649572649572
-6.056166056166056
-13.47985347985348
-14.652014652014651
-1.3675213675213675
4.102564102564102
11.916971916971917
15.433455433455434
7.619047619047619
4.493284493284493
7.228327228327228
6.446886446886447
3.711843711843712
6.056166056166056
5.274725274725275
0.19536019536019536
-4.884004884004884
-16.605616605616607
-24.42002442002442
-16.214896214896214
-1.7582417582417582
4.884004884004884
10.354090354090355
15.824175824175825
16.214896214896214
13.870573870573871
14.261294261294262
14.261294261294262
14.652014652014651
13.870573870573871
14.652014652014651
7.619047619047619
-0.19536019536019536
-11.135531135531135
-17.77777777777778
-11.526251526251526
0.5860805860805861
6.837606837606837
4.102564102564102
-0.5860805860805861
0.19536019536019536
2.148962148962149
-1.3675213675213675
-3.711843711843712
-4.493284493284493
-2.5396825396825395
-3.3211233211233213
-3.711843711843712
-10.744810744810744
-28.327228327228326
-29.89010989010989
-24.81074481074481
-17.77777777777778
-9.572649572649572
-5.665445665445666
-11.916971916971917
-17.387057387057386
-11.135531135531135
-8.791208791208792
-9.963369963369964
-7.619047619047619
-4.493284493284493
-6.056166056166056
-9.572649572649572
-15.042735042735043
-29.10866910866911
-33.40659340659341
-26.764346764346765
-16.996336996336996
-14.261294261294262
-9.181929181929181
-9.572649572649572
-16.605616605616607
-16.605616605616607
-10.744810744810744
-10.354090354090355
-11.526251526251526
-6.837606837606837
-6.837606837606837
-10.744810744810744
-16.605616605616607
-31.843711843711844
-40.04884004884005
-37.313797313797316
-25.592185592185594
-20.903540903540904
-18.55921855921856
-15.042735042735043
-15.042735042735043
-17.387057387057386
-16.214896214896214
-13.870573870573871
-11.135531135531135
-7.619047619047619
-6.446886446886447
-10.744810744810744
-16.605616605616607
-26.764346764346765
-29.499389499389498
-20.12210012210012
-3.711843711843712
4.884004884004884
4.884004884004884
0.9768009768009768
0.19536019536019536
2.5396825396825395
-0.19536019536019536
-3.711843711843712
-3.3211233211233213
-2.5396825396825395
-0.9768009768009768
0.5860805860805861
-1.3675213675213675
-9.572649572649572
-11.526251526251526
-5.274725274725275
2.148962148962149
6.837606837606837
11.135531135531135
6.056166056166056
1.3675213675213675
7.619047619047619
13.870573870573871
10.744810744810744
11.135531135531135
16.996336996336996
18.55921855921856
16.214896214896214
13.870573870573871
1.7582417582417582
-6.837606837606837
0.5860805860805861
11.526251526251526
15.433455433455434
22.466422466422465
25.592185592185594
18.168498168498168
16.214896214896214
19.34065934065934
17.77777777777778
16.214896214896214
21.294261294261293
24.81074481074481
24.42002442002442
22.857142857142858
13.870573870573871
9.963369963369964
16.214896214896214
31.45299145299145
36.92307692307692
39.26739926739927
42.002442002442
40.83028083028083
36.92307692307692
37.313797313797316
40.04884004884005
41.61172161172161
45.12820512820513
47.863247863247864
43.56532356532357
37.313797313797316
24.02930402930403
15.824175824175825
20.903540903540904
29.499389499389498
33.7973137973138
30.28083028083028
21.294261294261293
14.652014652014651
8.00976800976801
-2.93040293040293
-13.47985347985348
-18.168498168498168
-17.387057387057386
-16.214896214896214
-18.168498168498168
-22.857142857142858
-34.18803418803419
-36.53235653235653
-25.2014652014652
-7.228327228327228
6.056166056166056
17.77777777777778
16.214896214896214
11.916971916971917
16.605616605616607
19.731379731379732
18.168498168498168
20.903540903540904
26.373626373626372
30.28083028083028
30.28083028083028
30.28083028083028
21.684981684981686
15.042735042735043
25.592185592185594
34.969474969474966
39.26739926739927
47.472527472527474
47.472527472527474
39.26739926739927
37.313797313797316
43.956043956043956
47.081807081807085
47.863247863247864
53.724053724053725
53.333333333333336
48.64468864468864
40.04884004884005
25.982905982905983
19.731379731379732
18.94993894993895
33.01587301587302
37.313797313797316
36.92307692307692
39.65811965811966
40.43956043956044
36.14163614163614
34.969474969474966
34.18803418803419
33.01587301587302
33.7973137973138
35.36019536019536
30.28083028083028
24.02930402930403
10.744810744810744
0.5860805860805861
5.665445665445666
10.354090354090355
13.089133089133089
11.916971916971917
7.228327228327228
7.228327228327228
7.619047619047619
2.148962148962149
-2.93040293040293
-4.102564102564102
-2.5396825396825395
-2.93040293040293
-8.00976800976801
-17.387057387057386
-30.671550671550673
-34.57875457875458
-27.545787545787547
-13.870573870573871
-5.274725274725275
0.9768009768009768
-1.7582417582417582
-4.884004884004884
0.19536019536019536
4.493284493284493
1.3675213675213675
1.3675213675213675
5.665445665445666
5.665445665445666
0.19536019536019536
-6.446886446886447
-22.466422466422465
-35.75091575091575
-25.982905982905983
-19.34065934065934
-17.77777777777778
-12.698412698412698
-15.824175824175825
-26.373626373626372
-29.10866910866911
-24.81074481074481
-26.373626373626372
-26.373626373626372
-20.512820512820515
-18.168498168498168
-20.12210012210012
-22.466422466422465
-33.01587301587302
-36.53235653235653
-29.499389499389498
-15.042735042735043
-11.135531135531135
-11.526251526251526
-9.572649572649572
-12.307692307692308
-15.042735042735043
-13.870573870573871
-11.916971916971917
-6.837606837606837
0.9768009768009768
7.228327228327228
8.00976800976801
8.00976800976801
-0.19536019536019536
-3.711843711843712
6.056166056166056
15.433455433455434
19.731379731379732
16.996336996336996
9.572649572649572
4.493284493284493
0.5860805860805861
-8.4004884004884
-16.605616605616607
-20.12210012210012
-16.996336996336996
-13.870573870573871
-14.261294261294262
-17.387057387057386
-27.155067155067155
-33.40659340659341
-22.466422466422465
-13.47985347985348
-6.056166056166056
-1.7582417582417582
-7.228327228327228
-15.824175824175825
-14.261294261294262
-13.47985347985348
-19.34065934065934
-21.684981684981686
-18.168498168498168
-14.652014652014651
-13.089133089133089
-12.698412698412698
-19.34065934065934
-24.81074481074481
-19.731379731379732
-6.446886446886447
-2.93040293040293
0.5860805860805861
-0.5860805860805861
-13.870573870573871
-23.63858363858364
-24.02930402930403
-25.982905982905983
-26.764346764346765
-21.684981684981686
-18.168498168498168
-20.512820512820515
-25.2014652014652
-38.876678876678874
-46.3003663003663
-43.56532356532357
-32.234432234432234
-30.671550671550673
-32.234432234432234
-31.062271062271062
-31.843711843711844
-32.234432234432234
-27.936507936507937
-24.42002442002442
-20.512820512820515
-15.042735042735043
-11.135531135531135
-11.135531135531135
-11.916971916971917
-19.731379731379732
-22.857142857142858
-12.698412698412698
-2.5396825396825395
2.5396825396825395
2.5396825396825395
-4.102564102564102
-7.619047619047619
-7.619047619047619
-14.652014652014651
-18.55921855921856
-16.214896214896214
-10.744810744810744
-7.228327228327228
-4.884004884004884
-9.181929181929181
-20.512820512820515
-19.731379731379732
-15.433455433455434
-0.5860805860805861
8.4004884004884
14.652014652014651
9.572649572649572
3.3211233211233213
4.493284493284493
6.056166056166056
2.93040293040293
5.274725274725275
11.135531135531135
13.47985347985348
9.963369963369964
7.619047619047619
-4.884004884004884
-9.963369963369964
4.493284493284493
16.996336996336996
24.42002442002442
34.57875457875458
38.876678876678874
35.36019536019536
38.095238095238095
47.081807081807085
47.081807081807085
43.56532356532357
44.737484737484735
42.39316239316239
34.969474969474966
26.373626373626372
10.354090354090355
1.7582417582417582
-0.5860805860805861
13.870573870573871
19.34065934065934
22.857142857142858
30.28083028083028
33.01587301587302
30.671550671550673
33.40659340659341
36.92307692307692
38.095238095238095
42.002442002442
42.39316239316239
35.75091575091575
24.81074481074481
8.00976800976801
-2.148962148962149
-2.148962148962149
9.963369963369964
20.512820512820515
24.02930402930403
26.764346764346765
31.843711843711844
37.313797313797316
37.704517704517706
38.876678876678874
42.002442002442
44.346764346764346
43.956043956043956
40.43956043956044
31.45299145299145
13.47985347985348
12.698412698412698
12.698412698412698
22.466422466422465
27.545787545787547
27.936507936507937
18.168498168498168
9.181929181929181
8.00976800976801
8.00976800976801
2.5396825396825395
3.711843711843712
9.572649572649572
9.572649572649572
4.884004884004884
-0.9768009768009768
-16.605616605616607
-25.982905982905983
-22.466422466422465
-16.996336996336996
-16.214896214896214
-15.042735042735043
-17.387057387057386
-27.155067155067155
-34.969474969474966
-36.53235653235653
-40.04884004884005
-45.51892551892552
-43.56532356532357
-42.002442002442
-46.69108669108669
-51.77045177045177
-61.14774114774115
-61.92918192918193
-50.20757020757021
-32.234432234432234
-22.857142857142858
-21.684981684981686
-20.512820512820515
-22.857142857142858
-27.545787545787547
-28.71794871794872
-28.327228327228326
-27.936507936507937
-26.764346764346765
-27.155067155067155
-35.75091575091575
-43.56532356532357
-58.41269841269841
-66.61782661782662
-58.41269841269841
-46.3003663003663
-36.92307692307692
-33.01587301587302
-34.57875457875458
-31.062271062271062
-24.81074481074481
-23.247863247863247
-20.903540903540904
-18.55921855921856
-17.387057387057386
-18.168498168498168
-22.075702075702075
-31.843711843711844
-42.78388278388278
-47.081807081807085
-45.90964590964591
-31.062271062271062
-19.731379731379732
-9.963369963369964
-9.181929181929181
-10.354090354090355
-4.884004884004884
0.19536019536019536
-1.7582417582417582
0.5860805860805861
6.056166056166056
9.963369963369964
11.526251526251526
11.526251526251526
4.102564102564102
-4.102564102564102
3.711843711843712
9.963369963369964
11.526251526251526
15.433455433455434
15.042735042735043
6.837606837606837
4.102564102564102
8.4004884004884
7.228327228327228
4.102564102564102
6.837606837606837
8.00976800976801
6.837606837606837
6.056166056166056
0.19536019536019536
-2.5396825396825395
4.493284493284493
18.168498168498168
23.247863247863247
24.02930402930403
25.2014652014652
22.857142857142858
16.996336996336996
16.996336996336996
16.996336996336996
18.94993894993895
20.903540903540904
22.466422466422465
19.731379731379732
15.042735042735043
6.837606837606837
7.619047619047619
15.824175824175825
29.10866910866911
36.14163614163614
31.843711843711844
23.63858363858364
19.34065934065934
16.605616605616607
9.181929181929181
4.493284493284493
2.93040293040293
3.3211233211233213
2.5396825396825395
0.19536019536019536
-5.665445665445666
-13.47985347985348
-13.870573870573871
-2.5396825396825395
9.181929181929181
16.996336996336996
20.903540903540904
15.824175824175825
10.744810744810744
13.47985347985348
15.824175824175825
13.089133089133089
12.698412698412698
18.55921855921856
20.903540903540904
18.168498168498168
16.214896214896214
5.665445665445666
-2.5396825396825395
6.837606837606837
14.261294261294262
17.77777777777778
26.373626373626372
29.10866910866911
21.294261294261293
16.996336996336996
19.34065934065934
16.605616605616607
13.47985347985348
15.433455433455434
15.433455433455434
9.572649572649572
1.7582417582417582
-8.791208791208792
-16.605616605616607
-18.55921855921856
-3.711843711843712
-2.5396825396825395
-5.274725274725275
-2.148962148962149
-4.493284493284493
-9.181929181929181
-8.00976800976801
-4.493284493284493
-2.5396825396825395
2.148962148962149
4.884004884004884
0.19536019536019536
-8.00976800976801
-22.466422466422465
-31.062271062271062
-24.81074481074481
-17.387057387057386
-12.307692307692308
-13.47985347985348
-17.77777777777778
-16.605616605616607
-11.916971916971917
-12.698412698412698
-14.652014652014651
-12.307692307692308
-8.00976800976801
-6.056166056166056
-6.056166056166056
-8.00976800976801
-16.214896214896214
-18.94993894993895
-11.135531135531135
-0.5860805860805861
2.5396825396825395
5.274725274725275
-2.5396825396825395
-11.916971916971917
-7.228327228327228
-2.148962148962149
-3.3211233211233213
0.5860805860805861
5.274725274725275
6.837606837606837
4.884004884004884
0.19536019536019536
-12.698412698412698
-22.075702075702075
-18.55921855921856
-7.228327228327228
-3.711843711843712
1.7582417582417582
0.9768009768009768
-8.4004884004884
-11.526251526251526
-6.837606837606837
-4.102564102564102
-3.711843711843712
0.9768009768009768
3.3211233211233213
1.7582417582417582
-0.5860805860805861
-10.744810744810744
-16.605616605616607
-11.526251526251526
2.5396825396825395
8.00976800976801
11.135531135531135
13.870573870573871
11.916971916971917
6.837606837606837
6.837606837606837
8.00976800976801
9.181929181929181
11.135531135531135
10.744810744810744
5.274725274725275
-0.19536019536019536
-12.307692307692308
-16.605616605616607
-8.791208791208792
0.19536019536019536
8.4004884004884
8.00976800976801
7.228327228327228
9.572649572649572
15.433455433455434
16.996336996336996
16.605616605616607
18.168498168498168
22.857142857142858
24.42002442002442
20.512820512820515
13.47985347985348
-0.5860805860805861
-8.791208791208792
-0.9768009768009768
8.791208791208792
18.55921855921856
27.155067155067155
24.42002442002442
20.12210012210012
23.63858363858364
24.42002442002442
18.55921855921856
14.652014652014651
17.387057387057386
18.94993894993895
16.605616605616607
13.089133089133089
2.5396825396825395
-7.619047619047619
0.19536019536019536
12.307692307692308
17.387057387057386
24.02930402930403
27.155067155067155
20.12210012210012
18.168498168498168
24.02930402930403
24.02930402930403
20.12210012210012
20.512820512820515
18.94993894993895
15.042735042735043
10.744810744810744
0.19536019536019536
-5.665445665445666
-0.9768009768009768
7.619047619047619
9.181929181929181
8.4004884004884
7.619047619047619
5.665445665445666
0.19536019536019536
-0.9768009768009768
-2.148962148962149
-3.3211233211233213
-0.9768009768009768
1.7582417582417582
-0.19536019536019536
-3.711843711843712
-13.089133089133089
-19.34065934065934
-14.261294261294262
-1.3675213675213675
7.228327228327228
9.181929181929181
7.619047619047619
6.837606837606837
9.181929181929181
7.619047619047619
6.056166056166056
8.00976800976801
11.135531135531135
8.00976800976801
1.7582417582417582
-7.228327228327228
-24.02930402930403
-31.843711843711844
-25.982905982905983
-18.55921855921856
-11.135531135531135
-4.493284493284493
-5.665445665445666
-9.181929181929181
-4.493284493284493
-3.3211233211233213
-10.354090354090355
-16.214896214896214
-16.605616605616607
-17.387057387057386
-22.075702075702075
-27.936507936507937
-36.92307692307692
-42.39316239316239
-39.26739926739927
-24.42002442002442
-18.94993894993895
-12.698412698412698
-9.572649572649572
-14.652014652014651
-17.387057387057386
-14.261294261294262
-16.214896214896214
-19.731379731379732
-16.605616605616607
-15.433455433455434
-17.77777777777778
-19.731379731379732
-29.10866910866911
-34.57875457875458
-22.466422466422465
-10.354090354090355
-6.056166056166056
-5.274725274725275
-5.665445665445666
-10.354090354090355
-15.433455433455434
-18.168498168498168
-17.387057387057386
-15.824175824175825
-10.354090354090355
-7.619047619047619
-11.135531135531135
-15.824175824175825
-27.155067155067155
-32.62515262515262
-24.42002442002442
-12.307692307692308
-3.3211233211233213
-0.5860805860805861
-2.93040293040293
-1.7582417582417582
0.5860805860805861
-1.3675213675213675
-5.274725274725275
-3.3211233211233213
-0.9768009768009768
-2.148962148962149
-4.102564102564102
-9.963369963369964
-25.2014652014652
-27.155067155067155
-20.12210012210012
-11.135531135531135
-3.3211233211233213
2.93040293040293
-1.3675213675213675
-3.711843711843712
1.3675213675213675
4.884004884004884
2.5396825396825395
4.493284493284493
8.791208791208792
8.4004884004884
3.711843711843712
-3.711843711843712
-20.903540903540904
-26.373626373626372
-20.12210012210012
-7.619047619047619
0.19536019536019536
9.963369963369964
16.605616605616607
14.261294261294262
14.652014652014651
19.34065934065934
20.903540903540904
18.94993894993895
24.42002442002442
28.71794871794872
25.982905982905983
24.81074481074481
16.605616605616607
15.042735042735043
22.466422466422465
38.485958485958484
43.17460317460318
43.956043956043956
43.956043956043956
38.095238095238095
31.843711843711844
29.10866910866911
28.71794871794872
30.671550671550673
31.843711843711844
31.062271062271062
24.02930402930403
13.47985347985348
-0.5860805860805861
-9.572649572649572
-4.493284493284493
4.102564102564102
9.181929181929181
8.4004884004884
2.5396825396825395
-2.148962148962149
-4.884004884004884
-14.261294261294262
-24.42002442002442
-27.936507936507937
-26.764346764346765
-27.936507936507937
-29.10866910866911
-32.234432234432234
-46.69108669108669
-46.69108669108669
-40.43956043956044
-31.062271062271062
-24.02930402930403
-19.34065934065934
-22.857142857142858
-25.592185592185594
-16.996336996336996
-11.916971916971917
-13.089133089133089
-11.916971916971917
-6.056166056166056
-2.5396825396825395
-1.3675213675213675
-3.711843711843712
-12.698412698412698
-14.652014652014651
-3.3211233211233213
13.47985347985348
21.684981684981686
31.062271062271062
32.234432234432234
25.592185592185594
25.982905982905983
31.062271062271062
31.843711843711844
29.89010989010989
30.671550671550673
31.062271062271062
28.327228327228326
25.592185592185594
13.47985347985348
8.00976800976801
10.744810744810744
20.512820512820515
20.903540903540904
17.387057387057386
15.042735042735043
11.135531135531135
5.274725274725275
4.884004884004884
4.493284493284493
2.5396825396825395
1.3675213675213675
2.148962148962149
-2.93040293040293
-10.354090354090355
-22.075702075702075
-28.327228327228326
-25.592185592185594
-12.307692307692308
-5.665445665445666
-2.148962148962149
-2.93040293040293
0.5860805860805861
7.619047619047619
11.526251526251526
13.47985347985348
19.731379731379732
28.71794871794872
34.57875457875458
36.14163614163614
33.01587301587302
18.94993894993895
13.870573870573871
19.34065934065934
30.28083028083028
40.43956043956044
45.51892551892552
39.26739926739927
33.40659340659341
36.14163614163614
39.26739926739927
34.969474969474966
32.234432234432234
31.843711843711844
29.10866910866911
24.02930402930403
16.996336996336996
2.93040293040293
-7.619047619047619
-5.665445665445666
2.5396825396825395
3.711843711843712
6.837606837606837
5.274725274725275
-5.665445665445666
-11.135531135531135
-8.4004884004884
-7.619047619047619
-8.00976800976801
-1.3675213675213675
0.19536019536019536
-2.5396825396825395
-5.665445665445666
-15.824175824175825
-20.903540903540904
-12.307692307692308
0.9768009768009768
5.274725274725275
9.963369963369964
14.652014652014651
14.652014652014651
11.916971916971917
10.354090354090355
7.619047619047619
6.837606837606837
7.619047619047619
8.00976800976801
4.102564102564102
-2.5396825396825395
-15.042735042735043
-16.605616605616607
-10.354090354090355
4.884004884004884
14.652014652014651
15.433455433455434
13.089133089133089
15.433455433455434
18.168498168498168
17.387057387057386
14.652014652014651
12.307692307692308
11.916971916971917
7.228327228327228
1.3675213675213675
-5.274725274725275
-17.77777777777778
-21.294261294261293
-7.619047619047619
0.9768009768009768
11.526251526251526
18.94993894993895
13.47985347985348
9.572649572649572
13.089133089133089
15.042735042735043
10.354090354090355
9.572649572649572
11.135531135531135
8.791208791208792
2.93040293040293
-6.056166056166056
-19.731379731379732
-27.155067155067155
-28.71794871794872
-16.996336996336996
-15.824175824175825
-10.744810744810744
-8.4004884004884
-15.042735042735043
-17.77777777777778
-15.042735042735043
-15.824175824175825
-16.996336996336996
-13.089133089133089
-13.47985347985348
-18.94993894993895
-24.02930402930403
-38.095238095238095
-47.472527472527474
-36.14163614163614
-25.592185592185594
-20.12210012210012
-15.433455433455434
-10.354090354090355
-4.493284493284493
2.148962148962149
12.698412698412698
22.857142857142858
29.89010989010989
36.53235653235653
42.002442002442
41.221001221001224
37.704517704517706
24.02930402930403
16.214896214896214
13.089133089133089
20.512820512820515
22.857142857142858
20.903540903540904
16.214896214896214
16.996336996336996
20.512820512820515
18.94993894993895
16.996336996336996
19.34065934065934
22.857142857142858
22.075702075702075
16.996336996336996
10.744810744810744
-4.493284493284493
-14.652014652014651
-6.446886446886447
-3.3211233211233213
-2.148962148962149
-0.19536019536019536
-8.00976800976801
-17.387057387057386
-13.47985347985348
-10.744810744810744
-13.870573870573871
-11.135531135531135
-2.93040293040293
2.5396825396825395
5.274725274725275
5.665445665445666
-1.3675213675213675
-7.619047619047619
0.9768009768009768
9.572649572649572
11.526251526251526
17.77777777777778
15.824175824175825
8.00976800976801
2.93040293040293
2.5396825396825395
-0.5860805860805861
-4.102564102564102
-0.9768009768009768
1.7582417582417582
0.5860805860805861
-3.711843711843712
-13.47985347985348
-17.77777777777778
-14.261294261294262
4.102564102564102
11.135531135531135
13.870573870573871
17.387057387057386
16.214896214896214
9.572649572649572
6.446886446886447
4.884004884004884
3.3211233211233213
5.665445665445666
9.572649572649572
6.837606837606837
4.102564102564102
-4.102564102564102
-9.963369963369964
1.3675213675213675
12.698412698412698
18.94993894993895
17.77777777777778
13.089133089133089
12.307692307692308
13.870573870573871
11.916971916971917
8.791208791208792
8.791208791208792
9.963369963369964
11.135531135531135
9.572649572649572
0.5860805860805861
-11.135531135531135
-16.214896214896214
-16.214896214896214
-6.837606837606837
0.19536019536019536
5.274725274725275
4.493284493284493
3.711843711843712
8.4004884004884
10.354090354090355
6.446886446886447
5.665445665445666
10.354090354090355
14.261294261294262
13.089133089133089
9.181929181929181
-2.148962148962149
-13.870573870573871
-6.056166056166056
0.5860805860805861
2.5396825396825395
8.00976800976801
8.791208791208792
2.148962148962149
1.7582417582417582
6.446886446886447
4.884004884004884
0.19536019536019536
2.5396825396825395
1.7582417582417582
-2.5396825396825395
-6.837606837606837
-19.34065934065934
-27.936507936507937
-22.857142857142858
-11.916971916971917
-6.056166056166056
-2.148962148962149
1.7582417582417582
1.7582417582417582
-1.7582417582417582
-4.102564102564102
-4.884004884004884
-4.884004884004884
-3.3211233211233213
-2.5396825396825395
-6.837606837606837
-11.135531135531135
-22.466422466422465
-26.764346764346765
-18.55921855921856
-6.446886446886447
0.19536019536019536
1.7582417582417582
-1.7582417582417582
-3.3211233211233213
-2.148962148962149
-6.446886446886447
-12.698412698412698
-13.089133089133089
-10.354090354090355
-8.791208791208792
-9.963369963369964
-12.698412698412698
-23.247863247863247
-29.89010989010989
-23.247863247863247
-16.214896214896214
-11.916971916971917
-10.354090354090355
-18.55921855921856
-26.764346764346765
-25.592185592185594
-23.247863247863247
-25.592185592185594
-24.81074481074481
-18.168498168498168
-14.652014652014651
-15.824175824175825
-17.387057387057386
-24.42002442002442
-28.327228327228326
-18.55921855921856
-4.493284493284493
0.9768009768009768
5.274725274725275
4.493284493284493
-2.148962148962149
-6.837606837606837
-0.9768009768009768
0.5860805860805861
0.9768009768009768
7.228327228327228
8.791208791208792
4.493284493284493
-0.5860805860805861
-12.698412698412698
-19.731379731379732
-9.572649572649572
-0.19536019536019536
2.93040293040293
2.93040293040293
2.5396825396825395
0.19536019536019536
-4.493284493284493
-8.791208791208792
-11.135531135531135
-14.261294261294262
-12.307692307692308
-11.526251526251526
-14.261294261294262
-16.214896214896214
-27.545787545787547
-29.89010989010989
-24.02930402930403
-11.916971916971917
-4.102564102564102
-2.148962148962149
-4.493284493284493
-2.148962148962149
1.7582417582417582
0.19536019536019536
-0.19536019536019536
0.5860805860805861
3.3211233211233213
4.493284493284493
4.102564102564102
-0.5860805860805861
-13.47985347985348
-14.652014652014651
-8.00976800976801
0.5860805860805861
9.963369963369964
15.824175824175825
13.089133089133089
9.963369963369964
14.652014652014651
16.214896214896214
10.354090354090355
8.00976800976801
9.572649572649572
6.446886446886447
0.19536019536019536
-4.493284493284493
-18.55921855921856
-21.684981684981686
-12.698412698412698
1.7582417582417582
8.791208791208792
17.387057387057386
21.684981684981686
15.433455433455434
13.089133089133089
16.605616605616607
15.042735042735043
11.526251526251526
15.433455433455434
17.387057387057386
15.042735042735043
10.744810744810744
-1.3675213675213675
-9.963369963369964
-8.00976800976801
4.102564102564102
8.4004884004884
11.526251526251526
15.433455433455434
13.870573870573871
9.963369963369964
9.181929181929181
9.963369963369964
11.916971916971917
13.089133089133089
13.089133089133089
9.572649572649572
6.446886446886447
0.5860805860805861
4.102564102564102
14.261294261294262
25.982905982905983
34.57875457875458
33.7973137973138
31.45299145299145
33.7973137973138
36.53235653235653
35.36019536019536
33.7973137973138
35.75091575091575
40.04884004884005
40.04884004884005
36.92307692307692
28.327228327228326
12.307692307692308
9.572649572649572
11.135531135531135
22.466422466422465
28.327228327228326
31.062271062271062
24.81074481074481
16.605616605616607
17.387057387057386
17.387057387057386
11.135531135531135
9.181929181929181
11.526251526251526
10.744810744810744
7.228327228327228
1.3675213675213675
-13.870573870573871
-24.02930402930403
-21.684981684981686
-13.870573870573871
-11.526251526251526
-3.711843711843712
-3.3211233211233213
-9.963369963369964
-11.135531135531135
-4.493284493284493
-0.9768009768009768
1.3675213675213675
9.572649572649572
9.963369963369964
8.00976800976801
6.446886446886447
-2.148962148962149
-2.93040293040293
9.181929181929181
24.81074481074481
32.234432234432234
35.75091575091575
38.095238095238095
36.53235653235653
32.62515262515262
33.01587301587302
31.45299145299145
30.28083028083028
29.10866910866911
28.327228327228326
22.075702075702075
10.354090354090355
-4.102564102564102
-13.47985347985348
-19.34065934065934
-8.00976800976801
-3.3211233211233213
-6.837606837606837
-12.307692307692308
-15.433455433455434
-18.55921855921856
-24.42002442002442
-28.327228327228326
-28.327228327228326
-25.982905982905983
-27.936507936507937
-33.01587301587302
-40.43956043956044
-49.81684981684982
-50.989010989010985
-34.57875457875458
-23.63858363858364
-16.605616605616607
-13.870573870573871
-22.466422466422465
-29.499389499389498
-23.247863247863247
-17.77777777777778
-18.168498168498168
-14.261294261294262
-7.228327228327228
-1.3675213675213675
2.148962148962149
3.3211233211233213
-2.93040293040293
-7.619047619047619
-4.102564102564102
7.228327228327228
9.181929181929181
13.870573870573871
13.47985347985348
2.93040293040293
-0.19536019536019536
3.3211233211233213
4.493284493284493
4.493284493284493
8.4004884004884
8.00976800976801
0.19536019536019536
-6.446886446886447
-18.94993894993895
-28.327228327228326
-18.168498168498168
-7.228327228327228
-1.7582417582417582
0.9768009768009768
3.711843711843712
2.93040293040293
-0.9768009768009768
-2.93040293040293
-5.274725274725275
-6.446886446886447
-5.274725274725275
-5.274725274725275
-8.00976800976801
-12.307692307692308
-21.684981684981686
-22.466422466422465
-11.526251526251526
1.7582417582417582
12.698412698412698
13.870573870573871
10.354090354090355
10.744810744810744
13.089133089133089
8.791208791208792
4.884004884004884
3.711843711843712
4.884004884004884
4.884004884004884
3.711843711843712
-1.3675213675213675
-13.870573870573871
-19.34065934065934
-15.824175824175825
-5.274725274725275
4.102564102564102
11.916971916971917
9.181929181929181
6.056166056166056
7.228327228327228
9.181929181929181
4.493284493284493
4.884004884004884
9.572649572649572
10.744810744810744
8.4004884004884
4.102564102564102
-8.00976800976801
-14.652014652014651
-5.274725274725275
4.884004884004884
8.00976800976801
13.47985347985348
15.042735042735043
9.181929181929181
11.135531135531135
19.34065934065934
25.2014652014652
26.373626373626372
33.40659340659341
35.36019536019536
29.89010989010989
21.294261294261293
8.00976800976801
3.711843711843712
7.619047619047619
26.373626373626372
34.57875457875458
36.53235653235653
40.04884004884005
37.313797313797316
31.843711843711844
29.499389499389498
29.89010989010989
29.10866910866911
29.499389499389498
27.155067155067155
19.731379731379732
12.307692307692308
-0.9768009768009768
-7.619047619047619
-3.3211233211233213
6.056166056166056
10.744810744810744
9.963369963369964
5.665445665445666
3.711843711843712
4.493284493284493
1.3675213675213675
-0.19536019536019536
1.3675213675213675
6.837606837606837
9.572649572649572
11.135531135531135
7.619047619047619
-2.5396825396825395
-4.102564102564102
1.3675213675213675
10.354090354090355
15.433455433455434
18.55921855921856
11.526251526251526
4.493284493284493
6.446886446886447
7.619047619047619
2.148962148962149
2.148962148962149
5.665445665445666
8.00976800976801
7.619047619047619
4.884004884004884
-3.3211233211233213
-11.135531135531135
-8.00976800976801
-0.9768009768009768
-2.93040293040293
-3.3211233211233213
-7.228327228327228
-18.168498168498168
-21.294261294261293
-17.77777777777778
-16.996336996336996
-18.94993894993895
-16.214896214896214
-15.433455433455434
-18.94993894993895
-21.294261294261293
-32.234432234432234
-36.14163614163614
-27.155067155067155
-12.698412698412698
-5.274725274725275
-2.148962148962149
-0.9768009768009768
-4.884004884004884
-11.135531135531135
-13.870573870573871
-13.870573870573871
-13.870573870573871
-12.307692307692308
-11.916971916971917
-16.605616605616607
-20.903540903540904
-29.10866910866911
-33.01587301587302
-22.857142857142858
-9.963369963369964
-1.3675213675213675
2.5396825396825395
0.9768009768009768
1.3675213675213675
2.148962148962149
-2.93040293040293
-10.354090354090355
-12.698412698412698
-9.572649572649572
-7.619047619047619
-7.619047619047619
-9.572649572649572
-17.387057387057386
-22.857142857142858
-10.354090354090355
-0.9768009768009768
6.446886446886447
13.089133089133089
7.228327228327228
1.7582417582417582
4.884004884004884
9.572649572649572
7.619047619047619
8.4004884004884
14.261294261294262
17.77777777777778
18.55921855921856
16.605616605616607
9.181929181929181
3.711843711843712
8.791208791208792
24.42002442002442
26.373626373626372
27.936507936507937
24.42002442002442
9.572649572649572
1.7582417582417582
3.711843711843712
1.3675213675213675
-0.5860805860805861
4.493284493284493
6.837606837606837
4.884004884004884
4.102564102564102
-4.884004884004884
-10.744810744810744
-0.5860805860805861
11.135531135531135
11.916971916971917
13.089133089133089
14.261294261294262
12.698412698412698
12.698412698412698
13.47985347985348
12.698412698412698
12.307692307692308
14.261294261294262
13.870573870573871
9.572649572649572
4.493284493284493
-9.572649572649572
-15.824175824175825
-11.916971916971917
0.5860805860805861
8.4004884004884
8.791208791208792
6.056166056166056
4.884004884004884
5.274725274725275
2.93040293040293
0.19536019536019536
0.9768009768009768
4.884004884004884
3.3211233211233213
0.19536019536019536
-8.00976800976801
-21.294261294261293
-27.155067155067155
-15.433455433455434
-6.837606837606837
2.5396825396825395
9.181929181929181
3.711843711843712
-2.148962148962149
0.19536019536019536
0.19536019536019536
-6.446886446886447
-6.837606837606837
-2.93040293040293
-4.102564102564102
-6.056166056166056
-9.963369963369964
-24.02930402930403
-28.71794871794872
-22.075702075702075
-11.916971916971917
-7.228327228327228
-1.3675213675213675
-2.148962148962149
-9.963369963369964
-13.47985347985348
-10.354090354090355
-10.354090354090355
-12.307692307692308
-9.572649572649572
-11.526251526251526
-18.55921855921856
-24.42002442002442
-38.876678876678874
-46.69108669108669
-40.83028083028083
-31.45299145299145
-30.28083028083028
-30.671550671550673
-30.671550671550673
-33.7973137973138
-35.75091575091575
-32.62515262515262
-29.89010989010989
-26.373626373626372
-22.857142857142858
-24.02930402930403
-31.062271062271062
-37.313797313797316
-47.472527472527474
-53.333333333333336
-42.002442002442
-33.01587301587302
-26.764346764346765
-25.982905982905983
-27.545787545787547
-22.857142857142858
-15.042735042735043
-11.526251526251526
-10.354090354090355
-6.056166056166056
-0.9768009768009768
0.19536019536019536
0.19536019536019536
-4.102564102564102
-16.605616605616607
-13.870573870573871
-4.493284493284493
10.354090354090355
22.857142857142858
29.499389499389498
24.81074481074481
20.12210012210012
26.373626373626372
31.062271062271062
31.843711843711844
34.57875457875458
38.485958485958484
38.485958485958484
33.7973137973138
27.155067155067155
13.089133089133089
7.619047619047619
11.135531135531135
19.34065934065934
19.34065934065934
23.63858363858364
22.466422466422465
13.47985347985348
10.744810744810744
11.135531135531135
7.619047619047619
4.884004884004884
8.791208791208792
11.135531135531135
8.4004884004884
6.446886446886447
-2.5396825396825395
-9.572649572649572
-3.711843711843712
8.791208791208792
12.307692307692308
13.47985347985348
15.824175824175825
16.214896214896214
13.47985347985348
13.47985347985348
16.214896214896214
15.824175824175825
20.512820512820515
27.155067155067155
27.545787545787547
25.592185592185594
15.042735042735043
12.307692307692308
16.214896214896214
36.14163614163614
49.42612942612943
53.724053724053725
52.94261294261294
52.55189255189255
53.333333333333336
50.598290598290596
49.81684981684982
49.42612942612943
49.42612942612943
45.12820512820513
39.65811965811966
27.155067155067155
7.228327228327228
4.493284493284493
4.102564102564102
11.916971916971917
19.731379731379732
23.247863247863247
17.77777777777778
15.042735042735043
21.684981684981686
27.545787545787547
29.89010989010989
33.7973137973138
40.04884004884005
40.83028083028083
35.36019536019536
26.373626373626372
6.056166056166056
-10.354090354090355
-12.307692307692308
-13.089133089133089
-18.55921855921856
-20.12210012210012
-25.592185592185594
-34.969474969474966
-36.53235653235653
-25.982905982905983
-17.77777777777778
-9.963369963369964
3.711843711843712
12.307692307692308
15.042735042735043
15.433455433455434
6.446886446886447
0.5860805860805861
1.7582417582417582
12.307692307692308
9.963369963369964
5.665445665445666
2.5396825396825395
-3.711843711843712
-10.354090354090355
-11.135531135531135
-5.274725274725275
-1.3675213675213675
6.446886446886447
15.824175824175825
17.77777777777778
20.12210012210012
16.605616605616607
17.387057387057386
23.63858363858364
38.095238095238095
45.12820512820513
41.221001221001224
31.45299145299145
24.02930402930403
15.433455433455434
2.148962148962149
-6.056166056166056
-12.698412698412698
-15.042735042735043
-16.214896214896214
-20.512820512820515
-26.764346764346765
-36.14163614163614
-39.26739926739927
-28.327228327228326
-15.042735042735043
-3.3211233211233213
6.837606837606837
6.056166056166056
3.711843711843712
7.228327228327228
8.00976800976801
-0.5860805860805861
-7.619047619047619
-9.572649572649572
-13.47985347985348
-20.12210012210012
-27.936507936507937
-42.39316239316239
-53.724053724053725
-45.51892551892552
-32.234432234432234
-23.247863247863247
-8.00976800976801
1.3675213675213675
0.9768009768009768
7.228327228327228
16.605616605616607
19.34065934065934
18.55921855921856
20.512820512820515
15.433455433455434
8.00976800976801
0.5860805860805861
-15.042735042735043
-22.857142857142858
-18.94993894993895
-8.4004884004884
-4.102564102564102
-1.7582417582417582
2.93040293040293
5.665445665445666
6.837606837606837
11.526251526251526
16.996336996336996
23.63858363858364
32.234432234432234
38.876678876678874
39.26739926739927
35.75091575091575
23.63858363858364
16.214896214896214
19.731379731379732
25.982905982905983
27.155067155067155
18.168498168498168
2.5396825396825395
-8.4004884004884
-17.77777777777778
-29.10866910866911
-38.485958485958484
-42.002442002442
-40.83028083028083
-35.75091575091575
-31.062271062271062
-32.234432234432234
-36.14163614163614
-33.01587301587302
-27.155067155067155
-7.619047619047619
4.884004884004884
10.354090354090355
4.102564102564102
-4.884004884004884
-9.572649572649572
-14.261294261294262
-22.857142857142858
-30.671550671550673
-34.969474969474966
-41.61172161172161
-51.37973137973138
-60.366300366300365
-74.43223443223444
-82.63736263736264
-69.74358974358974
-56.84981684981685
-44.737484737484735
-28.71794871794872
-18.94993894993895
-17.387057387057386
-12.307692307692308
-2.5396825396825395
0.9768009768009768
6.056166056166056
15.042735042735043
17.387057387057386
13.47985347985348
4.884004884004884
-12.698412698412698
-23.247863247863247
-21.684981684981686
-13.870573870573871
-13.089133089133089
-11.916971916971917
-6.446886446886447
-4.493284493284493
-1.7582417582417582
1.3675213675213675
2.5396825396825395
6.446886446886447
14.261294261294262
17.387057387057386
15.042735042735043
9.963369963369964
-4.102564102564102
-12.698412698412698
-8.00976800976801
-1.7582417582417582
0.19536019536019536
-6.446886446886447
-19.731379731379732
-28.71794871794872
-36.92307692307692
-51.37973137973138
-62.31990231990232
-68.96214896214896
-71.6971916971917
-75.21367521367522
-78.33943833943835
-83.02808302808303
-90.84249084249085
-89.27960927960928
-69.74358974358974
-54.114774114774114
-37.313797313797316
-24.02930402930403
-23.247863247863247
-25.2014652014652
-19.731379731379732
-19.731379731379732
-26.764346764346765
-30.28083028083028
-30.28083028083028
-33.01587301587302
-40.43956043956044
-51.77045177045177
-70.52503052503053
-83.02808302808303
-78.33943833943835
-65.44566544566544
-57.24053724053724
-46.69108669108669
-39.26739926739927
-37.704517704517706
-29.10866910866911
-13.089133089133089
-2.148962148962149
5.665445665445666
16.605616605616607
22.075702075702075
20.903540903540904
17.387057387057386
6.446886446886447
-3.711843711843712
6.837606837606837
16.214896214896214
17.387057387057386
17.77777777777778
14.261294261294262
4.493284493284493
-2.5396825396825395
-7.228327228327228
-8.4004884004884
-3.3211233211233213
5.274725274725275
14.652014652014651
20.12210012210012
19.731379731379732
10.354090354090355
9.181929181929181
12.698412698412698
25.2014652014652
33.01587301587302
30.28083028083028
22.857142857142858
19.34065934065934
17.387057387057386
13.089133089133089
9.963369963369964
8.00976800976801
9.181929181929181
8.00976800976801
3.711843711843712
-2.93040293040293
-15.433455433455434
-24.81074481074481
-15.042735042735043
-6.837606837606837
2.93040293040293
10.744810744810744
7.619047619047619
6.056166056166056
11.916971916971917
19.34065934065934
19.34065934065934
22.857142857142858
27.936507936507937
29.89010989010989
25.982905982905983
18.94993894993895
5.665445665445666
-5.665445665445666
-2.148962148962149
1.7582417582417582
-2.148962148962149
-1.7582417582417582
-6.837606837606837
-18.168498168498168
-22.466422466422465
-19.34065934065934
-18.55921855921856
-15.824175824175825
-3.3211233211233213
4.493284493284493
9.572649572649572
12.698412698412698
7.619047619047619
5.665445665445666
13.47985347985348
27.155067155067155
28.327228327228326
24.81074481074481
21.684981684981686
13.870573870573871
2.5396825396825395
-4.493284493284493
-12.307692307692308
-18.94993894993895
-22.466422466422465
-26.764346764346765
-36.92307692307692
-45.90964590964591
-60.366300366300365
-67.3992673992674
-50.989010989010985
-33.7973137973138
-16.996336996336996
-7.228327228327228
-4.493284493284493
0.5860805860805861
9.963369963369964
11.526251526251526
10.744810744810744
11.916971916971917
11.135531135531135
4.884004884004884
-8.4004884004884
-28.71794871794872
-58.41269841269841
-79.51159951159951
-88.88888888888889
-91.23321123321124
-91.62393162393163
-88.1074481074481
-87.71672771672772
-81.46520146520146
-61.92918192918193
-40.04884004884005
-24.02930402930403
-5.665445665445666
14.261294261294262
26.764346764346765
32.234432234432234
31.843711843711844
20.12210012210012
8.791208791208792
11.526251526251526
12.698412698412698
6.446886446886447
-0.9768009768009768
-13.870573870573871
-35.75091575091575
-46.69108669108669
-48.25396825396825
-48.64468864468864
-45.90964590964591
-34.18803418803419
-24.42002442002442
-15.824175824175825
-4.884004884004884
-0.5860805860805861
2.93040293040293
21.294261294261293
37.313797313797316
41.61172161172161
43.17460317460318
44.346764346764346
42.002442002442
34.57875457875458
29.10866910866911
20.903540903540904
8.4004884004884
-4.493284493284493
-19.731379731379732
-41.221001221001224
-60.757020757020754
-82.24664224664225
-93.96825396825396
-92.01465201465201
-80.29304029304029
-70.52503052503053
-65.83638583638583
-61.92918192918193
-51.37973137973138
-39.26739926739927
-30.671550671550673
-22.075702075702075
-11.135531135531135
-1.7582417582417582
0.9768009768009768
2.148962148962149
-3.3211233211233213
-19.731379731379732
-22.466422466422465
-18.168498168498168
-13.47985347985348
-7.619047619047619
-3.711843711843712
-11.135531135531135
-16.214896214896214
-9.572649572649572
-4.102564102564102
-2.148962148962149
8.4004884004884
19.731379731379732
27.545787545787547
32.234432234432234
33.01587301587302
20.12210012210012
18.168498168498168
24.02930402930403
32.62515262515262
35.75091575091575
40.04884004884005
39.65811965811966
29.10866910866911
22.075702075702075
19.731379731379732
11.526251526251526
3.3211233211233213
2.93040293040293
-1.3675213675213675
-9.572649572649572
-13.47985347985348
-25.2014652014652
-29.10866910866911
-16.605616605616607
-2.148962148962149
7.228327228327228
16.214896214896214
23.63858363858364
28.327228327228326
28.71794871794872
31.45299145299145
33.01587301587302
34.18803418803419
35.36019536019536
34.57875457875458
29.10866910866911
20.903540903540904
7.619047619047619
0.9768009768009768
1.7582417582417582
10.744810744810744
16.605616605616607
16.214896214896214
13.47985347985348
15.824175824175825
18.94993894993895
19.731379731379732
24.81074481074481
34.57875457875458
49.03540903540904
59.975579975579976
64.27350427350427
61.92918192918193
49.42612942612943
47.081807081807085
52.55189255189255
62.71062271062271
67.3992673992674
68.18070818070818
55.67765567765568
41.61172161172161
36.92307692307692
30.28083028083028
18.94993894993895
13.47985347985348
13.47985347985348
13.089133089133089
13.47985347985348
13.870573870573871
8.4004884004884
8.4004884004884
24.02930402930403
40.83028083028083
48.25396825396825
58.02197802197802
58.8034188034188
49.81684981684982
47.081807081807085
47.472527472527474
40.43956043956044
31.843711843711844
26.373626373626372
15.824175824175825
2.148962148962149
-11.916971916971917
-31.843711843711844
-41.61172161172161
-38.095238095238095
-25.982905982905983
-20.12210012210012
-16.214896214896214
-8.791208791208792
-5.274725274725275
-2.93040293040293
3.3211233211233213
11.526251526251526
20.12210012210012
29.499389499389498
34.57875457875458
30.28083028083028
18.55921855921856
-0.5860805860805861
-15.042735042735043
-22.466422466422465
-17.77777777777778
-18.55921855921856
-25.982905982905983
-35.75091575091575
-41.61172161172161
-42.78388278388278
-43.56532356532357
-39.65811965811966
-31.45299145299145
-19.731379731379732
-9.572649572649572
0.19536019536019536
2.93040293040293
-0.9768009768009768
-1.7582417582417582
4.493284493284493
16.214896214896214
25.982905982905983
34.18803418803419
30.28083028083028
22.857142857142858
22.466422466422465
19.731379731379732
9.572649572649572
2.5396825396825395
-1.3675213675213675
-9.181929181929181
-18.168498168498168
-25.982905982905983
-38.095238095238095
-45.12820512820513
-32.234432234432234
-19.731379731379732
-7.619047619047619
8.00976800976801
19.731379731379732
23.63858363858364
29.499389499389498
36.14163614163614
34.969474969474966
29.89010989010989
28.327228327228326
22.857142857142858
16.605616605616607
8.00976800976801
-6.446886446886447
-13.089133089133089
-13.47985347985348
-3.711843711843712
-0.9768009768009768
0.19536019536019536
0.9768009768009768
1.7582417582417582
0.19536019536019536
1.7582417582417582
5.665445665445666
9.181929181929181
13.47985347985348
16.996336996336996
13.870573870573871
8.4004884004884
-6.056166056166056
-14.652014652014651
-13.47985347985348
-6.446886446886447
-3.3211233211233213
-8.791208791208792
-20.12210012210012
-29.499389499389498
-38.095238095238095
-50.598290598290596
-61.14774114774115
-66.61782661782662
-66.22710622710623
-65.05494505494505
-65.83638583638583
-67.3992673992674
-73.26007326007326
-70.91575091575092
-55.28693528693529
-34.969474969474966
-18.55921855921856
-6.056166056166056
-7.228327228327228
-10.354090354090355
-4.102564102564102
0.5860805860805861
0.9768009768009768
4.102564102564102
6.446886446886447
5.665445665445666
-0.19536019536019536
-8.791208791208792
-23.63858363858364
-31.843711843711844
-24.02930402930403
-9.181929181929181
0.5860805860805861
12.698412698412698
21.294261294261293
22.075702075702075
28.327228327228326
40.83028083028083
47.472527472527474
50.598290598290596
58.8034188034188
60.757020757020754
56.84981684981685
52.16117216117216
36.53235653235653
27.545787545787547
27.936507936507937
35.36019536019536
31.062271062271062
24.42002442002442
18.94993894993895
9.181929181929181
-2.5396825396825395
-10.744810744810744
-16.996336996336996
-22.466422466422465
-21.294261294261293
-17.387057387057386
-16.605616605616607
-13.089133089133089
-12.307692307692308
-5.665445665445666
13.089133089133089
32.62515262515262
46.3003663003663
48.64468864468864
47.081807081807085
47.081807081807085
46.3003663003663
41.221001221001224
35.36019536019536
31.45299145299145
29.499389499389498
24.02930402930403
14.261294261294262
1.7582417582417582
-16.214896214896214
-25.592185592185594
-25.592185592185594
-22.075702075702075
-20.903540903540904
-21.294261294261293
-29.89010989010989
-36.14163614163614
-33.01587301587302
-27.155067155067155
-27.155067155067155
-24.02930402930403
-15.824175824175825
-9.181929181929181
-4.493284493284493
-1.3675213675213675
-4.493284493284493
-4.884004884004884
5.665445665445666
21.684981684981686
29.10866910866911
37.704517704517706
38.485958485958484
29.499389499389498
25.2014652014652
24.81074481074481
20.903540903540904
17.387057387057386
18.94993894993895
17.77777777777778
14.261294261294262
12.307692307692308
1.7582417582417582
-1.7582417582417582
8.00976800976801
20.903540903540904
27.155067155067155
31.843711843711844
38.876678876678874
40.83028083028083
39.65811965811966
39.65811965811966
39.26739926739927
37.313797313797316
39.65811965811966
39.65811965811966
32.234432234432234
26.373626373626372
11.916971916971917
1.3675213675213675
3.3211233211233213
5.274725274725275
5.665445665445666
1.7582417582417582
-7.228327228327228
-10.744810744810744
-12.698412698412698
-19.34065934065934
-22.857142857142858
-22.075702075702075
-19.34065934065934
-18.168498168498168
-20.12210012210012
-25.982905982905983
-36.92307692307692
-40.04884004884005
-35.75091575091575
-23.63858363858364
-14.652014652014651
-11.135531135531135
-15.824175824175825
-22.075702075702075
-20.12210012210012
-16.214896214896214
-17.77777777777778
-16.214896214896214
-13.089133089133089
-12.307692307692308
-15.433455433455434
-19.34065934065934
-30.671550671550673
-39.26739926739927
-29.10866910866911
-22.075702075702075
-16.996336996336996
-9.572649572649572
-8.4004884004884
-14.261294261294262
-15.042735042735043
-9.963369963369964
-9.181929181929181
-8.791208791208792
-6.446886446886447
-7.228327228327228
-13.870573870573871
-19.731379731379732
-31.843711843711844
-34.969474969474966
-27.545787545787547
-11.916971916971917
-4.884004884004884
-0.9768009768009768
3.711843711843712
4.493284493284493
2.148962148962149
2.148962148962149
0.19536019536019536
-1.7582417582417582
-1.7582417582417582
-2.93040293040293
-10.744810744810744
-18.168498168498168
-29.499389499389498
-36.53235653235653
-26.764346764346765
-15.433455433455434
-9.963369963369964
-7.619047619047619
-10.354090354090355
-10.744810744810744
-8.00976800976801
-9.572649572649572
-12.307692307692308
-10.744810744810744
-8.4004884004884
-7.619047619047619
-13.089133089133089
-20.12210012210012
-32.234432234432234
-37.313797313797316
-29.10866910866911
-17.387057387057386
-5.274725274725275
1.7582417582417582
0.19536019536019536
-1.3675213675213675
3.711843711843712
11.526251526251526
14.261294261294262
17.77777777777778
21.294261294261293
23.247863247863247
19.731379731379732
14.261294261294262
4.884004884004884
-4.102564102564102
0.19536019536019536
9.572649572649572
12.307692307692308
17.77777777777778
18.94993894993895
7.619047619047619
3.3211233211233213
3.3211233211233213
0.5860805860805861
-0.19536019536019536
4.493284493284493
6.056166056166056
3.711843711843712
2.5396825396825395
-7.619047619047619
-15.042735042735043
-4.884004884004884
5.274725274725275
9.181929181929181
13.47985347985348
15.824175824175825
16.996336996336996
15.433455433455434
17.77777777777778
20.512820512820515
24.42002442002442
31.062271062271062
34.18803418803419
32.62515262515262
28.327228327228326
18.55921855921856
13.870573870573871
19.34065934065934
29.10866910866911
34.57875457875458
33.40659340659341
29.10866910866911
27.155067155067155
25.982905982905983
19.731379731379732
15.433455433455434
16.605616605616607
20.12210012210012
20.903540903540904
17.77777777777778
8.4004884004884
-8.00976800976801
-9.572649572649572
-4.493284493284493
5.665445665445666
13.47985347985348
16.996336996336996
9.181929181929181
3.711843711843712
6.446886446886447
9.572649572649572
6.446886446886447
8.791208791208792
10.354090354090355
9.963369963369964
7.619047619047619
2.5396825396825395
-10.744810744810744
-13.47985347985348
-8.00976800976801
2.93040293040293
8.791208791208792
15.433455433455434
17.387057387057386
11.135531135531135
11.135531135531135
13.47985347985348
13.870573870573871
11.916971916971917
13.089133089133089
11.135531135531135
4.493284493284493
-2.148962148962149
-15.042735042735043
-21.684981684981686
-19.34065934065934
-8.00976800976801
-8.00976800976801
-9.181929181929181
-6.056166056166056
-6.446886446886447
-8.791208791208792
-7.619047619047619
-7.228327228327228
-7.228327228327228
-2.148962148962149
3.3211233211233213
3.3211233211233213
0.5860805860805861
-9.572649572649572
-17.387057387057386
-13.870573870573871
0.19536019536019536
9.963369963369964
13.870573870573871
13.870573870573871
15.433455433455434
19.34065934065934
18.55921855921856
16.605616605616607
16.605616605616607
16.214896214896214
11.526251526251526
6.446886446886447
-4.884004884004884
-22.466422466422465
-27.155067155067155
-25.592185592185594
-16.214896214896214
-7.228327228327228
-4.493284493284493
-10.744810744810744
-16.996336996336996
-18.55921855921856
-17.387057387057386
-19.34065934065934
-20.903540903540904
-17.77777777777778
-18.55921855921856
-22.075702075702075
-27.936507936507937
-40.83028083028083
-45.12820512820513
-39.26739926739927
-28.71794871794872
-22.466422466422465
-13.47985347985348
-11.135531135531135
-15.824175824175825
-16.605616605616607
-13.089133089133089
-13.089133089133089
-13.089133089133089
-7.619047619047619
-6.056166056166056
-9.181929181929181
-13.47985347985348
-25.982905982905983
-32.234432234432234
-25.592185592185594
-13.089133089133089
-9.181929181929181
-5.665445665445666
-0.9768009768009768
0.5860805860805861
0.5860805860805861
3.3211233211233213
4.102564102564102
2.5396825396825395
3.3211233211233213
4.102564102564102
-1.7582417582417582
-7.619047619047619
-17.77777777777778
-25.592185592185594
-22.075702075702075
-10.354090354090355
-4.493284493284493
-4.102564102564102
-6.446886446886447
-4.493284493284493
-3.711843711843712
-4.884004884004884
-8.4004884004884
-7.619047619047619
-6.056166056166056
-4.493284493284493
-5.665445665445666
-11.526251526251526
-21.294261294261293
-25.592185592185594
-20.903540903540904
-9.181929181929181
-1.7582417582417582
1.7582417582417582
-0.5860805860805861
-4.493284493284493
0.19536019536019536
7.228327228327228
7.228327228327228
5.665445665445666
7.228327228327228
6.446886446886447
4.102564102564102
2.5396825396825395
-5.274725274725275
-9.963369963369964
-2.5396825396825395
6.446886446886447
11.526251526251526
17.387057387057386
18.94993894993895
11.526251526251526
9.963369963369964
11.916971916971917
12.307692307692308
11.135531135531135
13.089133089133089
11.526251526251526
5.274725274725275
-0.5860805860805861
-9.963369963369964
-13.089133089133089
-5.274725274725275
9.572649572649572
13.870573870573871
15.042735042735043
18.94993894993895
17.387057387057386
13.089133089133089
13.47985347985348
12.307692307692308
13.089133089133089
16.996336996336996
18.168498168498168
14.652014652014651
10.354090354090355
-0.19536019536019536
-5.665445665445666
-0.19536019536019536
7.619047619047619
12.698412698412698
11.135531135531135
10.354090354090355
13.089133089133089
17.387057387057386
16.214896214896214
13.089133089133089
9.963369963369964
11.135531135531135
9.181929181929181
4.884004884004884
0.19536019536019536
-11.916971916971917
-14.652014652014651
-3.711843711843712
6.837606837606837
17.387057387057386
27.545787545787547
25.592185592185594
22.075702075702075
27.545787545787547
29.89010989010989
25.2014652014652
25.982905982905983
31.062271062271062
32.234432234432234
30.28083028083028
26.373626373626372
14.652014652014651
8.4004884004884
17.77777777777778
26.764346764346765
30.28083028083028
36.53235653235653
37.313797313797316
30.671550671550673
30.671550671550673
33.7973137973138
32.62515262515262
31.062271062271062
30.671550671550673
26.373626373626372
17.387057387057386
8.00976800976801
-7.619047619047619
-16.996336996336996
-15.042735042735043
-8.00976800976801
-8.00976800976801
-11.135531135531135
-11.526251526251526
-15.824175824175825
-22.075702075702075
-25.592185592185594
-28.71794871794872
-29.89010989010989
-27.155067155067155
-27.545787545787547
-33.01587301587302
-38.876678876678874
-51.37973137973138
-56.45909645909646
-46.3003663003663
-31.45299145299145
-19.34065934065934
-13.47985347985348
-12.698412698412698
-9.181929181929181
-5.665445665445666
-6.446886446886447
-7.228327228327228
-4.884004884004884
-1.3675213675213675
0.19536019536019536
0.19536019536019536
-4.493284493284493
-16.605616605616607
-16.605616605616607
-11.916971916971917
-0.19536019536019536
9.572649572649572
16.996336996336996
13.870573870573871
10.744810744810744
14.652014652014651
17.387057387057386
13.870573870573871
13.870573870573871
16.214896214896214
15.042735042735043
11.526251526251526
5.665445665445666
-6.837606837606837
-14.261294261294262
-1.7582417582417582
8.00976800976801
13.47985347985348
21.684981684981686
23.63858363858364
18.55921855921856
20.12210012210012
24.42002442002442
24.42002442002442
22.466422466422465
25.982905982905983
27.155067155067155
23.63858363858364
16.605616605616607
2.148962148962149
-3.711843711843712
0.19536019536019536
15.824175824175825
20.903540903540904
23.247863247863247
25.982905982905983
26.373626373626372
24.02930402930403
25.592185592185594
26.373626373626372
24.81074481074481
26.373626373626372
26.373626373626372
18.94993894993895
14.261294261294262
4.102564102564102
-0.5860805860805861
6.446886446886447
18.168498168498168
24.42002442002442
19.731379731379732
13.870573870573871
11.526251526251526
11.916971916971917
11.916971916971917
9.963369963369964
11.135531135531135
14.261294261294262
15.824175824175825
15.433455433455434
9.963369963369964
-0.5860805860805861
-6.837606837606837
-0.19536019536019536
6.837606837606837
13.47985347985348
18.55921855921856
12.698412698412698
7.619047619047619
10.744810744810744
12.698412698412698
8.791208791208792
7.619047619047619
7.228327228327228
6.056166056166056
-0.5860805860805861
-6.837606837606837
-20.903540903540904
-29.89010989010989
-20.12210012210012
-9.963369963369964
-2.93040293040293
6.056166056166056
9.572649572649572
4.102564102564102
2.93040293040293
5.665445665445666
6.056166056166056
6.446886446886447
10.744810744810744
9.572649572649572
4.884004884004884
-2.93040293040293
-16.605616605616607
-19.731379731379732
-11.135531135531135
6.056166056166056
11.916971916971917
14.261294261294262
16.214896214896214
13.870573870573871
9.572649572649572
8.791208791208792
7.228327228327228
6.056166056166056
7.619047619047619
8.791208791208792
0.5860805860805861
-4.884004884004884
-15.042735042735043
-22.466422466422465
-9.572649572649572
2.5396825396825395
11.135531135531135
12.698412698412698
11.916971916971917
13.870573870573871
18.55921855921856
19.34065934065934
18.55921855921856
17.387057387057386
19.34065934065934
19.731379731379732
16.605616605616607
9.572649572649572
-0.9768009768009768
-2.93040293040293
-0.5860805860805861
13.870573870573871
25.592185592185594
34.969474969474966
33.40659340659341
30.671550671550673
33.40659340659341
34.18803418803419
28.71794871794872
26.373626373626372
27.155067155067155
26.764346764346765
23.63858363858364
20.12210012210012
8.00976800976801
-1.3675213675213675
8.791208791208792
15.824175824175825
20.512820512820515
27.545787545787547
28.327228327228326
20.512820512820515
19.731379731379732
22.857142857142858
21.294261294261293
18.55921855921856
17.77777777777778
14.652014652014651
8.00976800976801
0.19536019536019536
-12.698412698412698
-18.55921855921856
-15.433455433455434
-2.5396825396825395
1.3675213675213675
1.7582417582417582
4.493284493284493
3.711843711843712
-0.9768009768009768
-1.3675213675213675
-0.19536019536019536
-1.3675213675213675
2.148962148962149
4.884004884004884
-1.7582417582417582
-9.572649572649572
-22.075702075702075
-30.28083028083028
-20.512820512820515
-7.619047619047619
2.5396825396825395
2.93040293040293
-0.19536019536019536
-0.19536019536019536
1.3675213675213675
-2.93040293040293
-6.056166056166056
-5.665445665445666
-5.274725274725275
-6.056166056166056
-11.135531135531135
-21.294261294261293
-42.002442002442
-43.956043956043956
-38.095238095238095
-30.671550671550673
-20.512820512820515
-15.824175824175825
-23.247863247863247
-28.327228327228326
-22.857142857142858
-20.903540903540904
-23.63858363858364
-22.075702075702075
-20.12210012210012
-22.466422466422465
-24.42002442002442
-28.71794871794872
-40.04884004884005
-38.876678876678874
-30.28083028083028
-17.387057387057386
-9.572649572649572
0.19536019536019536
4.493284493284493
0.5860805860805861
0.9768009768009768
4.102564102564102
4.884004884004884
6.056166056166056
12.307692307692308
11.916971916971917
5.665445665445666
1.3675213675213675
-10.744810744810744
-17.387057387057386
-4.884004884004884
4.884004884004884
5.665445665445666
8.00976800976801
9.181929181929181
9.181929181929181
9.572649572649572
11.135531135531135
10.744810744810744
10.744810744810744
11.135531135531135
10.354090354090355
5.665445665445666
-1.3675213675213675
-13.089133089133089
-17.387057387057386
-15.824175824175825
-2.5396825396825395
6.837606837606837
8.00976800976801
8.00976800976801
10.744810744810744
13.47985347985348
12.698412698412698
12.698412698412698
16.214896214896214
18.94993894993895
18.94993894993895
18.94993894993895
12.698412698412698
-0.19536019536019536
2.148962148962149
4.493284493284493
11.916971916971917
19.731379731379732
23.247863247863247
16.996336996336996
13.870573870573871
16.605616605616607
16.996336996336996
12.307692307692308
11.135531135531135
12.307692307692308
8.791208791208792
4.884004884004884
0.19536019536019536
-14.261294261294262
-17.77777777777778
-10.744810744810744
-4.493284493284493
-0.19536019536019536
7.228327228327228
9.181929181929181
2.93040293040293
0.9768009768009768
0.9768009768009768
-0.9768009768009768
-2.5396825396825395
1.7582417582417582
2.148962148962149
-1.7582417582417582
-5.274725274725275
-16.996336996336996
-20.12210012210012
-8.4004884004884
8.00976800976801
15.824175824175825
18.94993894993895
22.466422466422465
18.94993894993895
13.870573870573871
12.307692307692308
9.963369963369964
7.228327228327228
9.181929181929181
9.572649572649572
2.93040293040293
-4.493284493284493
-17.77777777777778
-27.545787545787547
-23.63858363858364
-9.572649572649572
-2.5396825396825395
-2.5396825396825395
-6.446886446886447
-7.619047619047619
-8.4004884004884
-8.4004884004884
-11.135531135531135
-12.698412698412698
-9.963369963369964
-5.665445665445666
-5.665445665445666
-9.572649572649572
-17.77777777777778
-26.373626373626372
-23.63858363858364
-13.870573870573871
-6.446886446886447
-0.5860805860805861
-3.711843711843712
-11.135531135531135
-11.526251526251526
-11.526251526251526
-18.168498168498168
-20.12210012210012
-16.605616605616607
-15.824175824175825
-16.605616605616607
-17.77777777777778
-26.373626373626372
-31.45299145299145
-24.81074481074481
-17.387057387057386
-16.996336996336996
-12.307692307692308
-12.698412698412698
-18.94993894993895
-21.684981684981686
-22.466422466422465
-25.592185592185594
-29.89010989010989
-28.327228327228326
-29.499389499389498
-34.57875457875458
-40.04884004884005
-52.16117216117216
-53.333333333333336
-42.78388278388278
-22.075702075702075
-12.307692307692308
-5.274725274725275
1.3675213675213675
4.102564102564102
1.3675213675213675
1.3675213675213675
-2.148962148962149
-8.4004884004884
-9.181929181929181
-12.307692307692308
-22.075702075702075
-30.28083028083028
-44.346764346764346
-52.16117216117216
-43.56532356532357
-27.545787545787547
-15.042735042735043
-12.307692307692308
-11.135531135531135
-8.00976800976801
-4.884004884004884
-4.493284493284493
-6.837606837606837
-9.181929181929181
-9.963369963369964
-8.00976800976801
-7.228327228327228
-9.181929181929181
-13.47985347985348
-11.526251526251526
-2.93040293040293
13.47985347985348
28.71794871794872
38.485958485958484
38.876678876678874
37.704517704517706
41.221001221001224
44.737484737484735
43.956043956043956
45.51892551892552
49.03540903540904
51.37973137973138
49.81684981684982
44.346764346764346
34.969474969474966
27.155067155067155
36.92307692307692
45.90964590964591
49.81684981684982
57.63125763125763
56.45909645909646
48.25396825396825
42.39316239316239
38.876678876678874
32.234432234432234
25.982905982905983
22.466422466422465
16.605616605616607
7.228327228327228
-4.884004884004884
-23.247863247863247
-32.234432234432234
-33.7973137973138
-19.731379731379732
-17.77777777777778
-18.168498168498168
-16.214896214896214
-18.55921855921856
-21.684981684981686
-18.94993894993895
-13.870573870573871
-8.4004884004884
0.9768009768009768
6.837606837606837
4.102564102564102
1.7582417582417582
-5.274725274725275
-8.4004884004884
6.446886446886447
23.247863247863247
34.57875457875458
39.65811965811966
39.65811965811966
43.956043956043956
49.03540903540904
48.64468864468864
45.12820512820513
42.39316239316239
42.002442002442
40.83028083028083
35.75091575091575
25.982905982905983
9.572649572649572
-2.5396825396825395
-0.19536019536019536
2.93040293040293
6.837606837606837
9.572649572649572
0.9768009768009768
-8.00976800976801
-6.446886446886447
-6.446886446886447
-9.181929181929181
-8.00976800976801
-6.056166056166056
-6.446886446886447
-9.181929181929181
-11.916971916971917
-20.903540903540904
-25.2014652014652
-14.652014652014651
-7.619047619047619
-5.665445665445666
-0.5860805860805861
-3.3211233211233213
-11.526251526251526
-14.261294261294262
-11.526251526251526
-10.354090354090355
-6.056166056166056
2.148962148962149
7.619047619047619
6.446886446886447
5.665445665445666
-2.93040293040293
-6.446886446886447
6.446886446886447
17.77777777777778
20.12210012210012
17.77777777777778
15.824175824175825
10.744810744810744
6.837606837606837
6.446886446886447
6.446886446886447
8.4004884004884
14.261294261294262
17.77777777777778
13.870573870573871
6.446886446886447
-6.837606837606837
-12.307692307692308
-8.791208791208792
5.665445665445666
14.261294261294262
12.698412698412698
8.4004884004884
7.619047619047619
6.446886446886447
2.5396825396825395
-1.3675213675213675
-6.837606837606837
-7.228327228327228
-8.791208791208792
-14.652014652014651
-18.55921855921856
-31.062271062271062
-37.704517704517706
-28.71794871794872
-21.294261294261293
-12.307692307692308
-6.837606837606837
-12.698412698412698
-18.94993894993895
-16.605616605616607
-15.042735042735043
-18.168498168498168
-18.168498168498168
-15.824175824175825
-13.089133089133089
-9.963369963369964
-10.744810744810744
-15.824175824175825
-17.387057387057386
-15.824175824175825
-5.665445665445666
-5.274725274725275
-0.19536019536019536
-0.19536019536019536
-6.837606837606837
-10.354090354090355
-9.963369963369964
-10.744810744810744
-11.135531135531135
-5.274725274725275
-4.884004884004884
-11.135531135531135
-16.996336996336996
-33.40659340659341
-42.78388278388278
-31.45299145299145
-19.34065934065934
-16.214896214896214
-13.870573870573871
-13.47985347985348
-17.387057387057386
-20.903540903540904
-22.466422466422465
-25.592185592185594
-26.764346764346765
-22.466422466422465
-19.731379731379732
-21.294261294261293
-22.857142857142858
-34.18803418803419
-37.704517704517706
-29.499389499389498
-13.47985347985348
-2.148962148962149
2.93040293040293
1.7582417582417582
2.148962148962149
4.102564102564102
-0.19536019536019536
-5.274725274725275
-8.00976800976801
-9.181929181929181
-11.916971916971917
-16.605616605616607
-20.903540903540904
-32.62515262515262
-27.936507936507937
-17.387057387057386
-4.102564102564102
7.619047619047619
13.870573870573871
10.744810744810744
8.00976800976801
12.307692307692308
16.214896214896214
15.433455433455434
17.387057387057386
22.466422466422465
22.466422466422465
17.77777777777778
9.572649572649572
-8.4004884004884
-15.433455433455434
-9.572649572649572
-0.9768009768009768
5.665445665445666
16.214896214896214
21.684981684981686
18.94993894993895
23.63858363858364
29.10866910866911
29.89010989010989
34.18803418803419
41.221001221001224
40.43956043956044
33.01587301587302
22.857142857142858
0.5860805860805861
-15.042735042735043
-9.181929181929181
-6.056166056166056
-6.837606837606837
-6.837606837606837
-5.274725274725275
-6.446886446886447
-6.056166056166056
-4.102564102564102
-0.9768009768009768
0.9768009768009768
8.791208791208792
12.698412698412698
8.4004884004884
1.7582417582417582
-12.698412698412698
-20.12210012210012
-25.592185592185594
-15.824175824175825
-16.605616605616607
-28.327228327228326
-38.876678876678874
-46.69108669108669
-52.16117216117216
-56.45909645909646
-55.28693528693529
-50.989010989010985
-40.43956043956044
-30.671550671550673
-22.857142857142858
-19.731379731379732
-24.81074481074481
-19.34065934065934
-9.963369963369964
-0.19536019536019536
7.619047619047619
8.00976800976801
-0.9768009768009768
-9.572649572649572
-11.135531135531135
-15.042735042735043
-18.94993894993895
-19.34065934065934
-14.652014652014651
-6.056166056166056
2.148962148962149
7.619047619047619
6.056166056166056
11.526251526251526
21.294261294261293
37.313797313797316
42.39316239316239
49.42612942612943
49.42612942612943
42.002442002442
38.095238095238095
35.75091575091575
30.671550671550673
24.02930402930403
24.42002442002442
22.466422466422465
18.55921855921856
14.261294261294262
3.3211233211233213
-0.9768009768009768
5.665445665445666
23.247863247863247
29.89010989010989
33.40659340659341
38.485958485958484
36.92307692307692
32.62515262515262
33.40659340659341
31.843711843711844
29.10866910866911
29.499389499389498
26.373626373626372
14.652014652014651
4.493284493284493
-10.744810744810744
-19.34065934065934
-12.698412698412698
2.5396825396825395
13.47985347985348
16.996336996336996
17.77777777777778
21.684981684981686
26.373626373626372
27.155067155067155
28.327228327228326
29.499389499389498
31.843711843711844
32.234432234432234
26.764346764346765
16.996336996336996
0.9768009768009768
-5.665445665445666
-6.056166056166056
-0.19536019536019536
5.274725274725275
8.4004884004884
3.711843711843712
0.9768009768009768
4.493284493284493
7.619047619047619
7.228327228327228
8.791208791208792
11.916971916971917
14.261294261294262
11.916971916971917
6.837606837606837
-5.274725274725275
-15.433455433455434
-11.526251526251526
-13.47985347985348
-20.903540903540904
-24.02930402930403
-33.40659340659341
-45.12820512820513
-45.90964590964591
-39.65811965811966
-34.969474969474966
-27.936507936507937
-18.168498168498168
-13.089133089133089
-10.354090354090355
-8.791208791208792
-16.214896214896214
-17.387057387057386
-8.791208791208792
4.102564102564102
7.228327228327228
8.00976800976801
10.744810744810744
8.4004884004884
3.711843711843712
2.148962148962149
-1.3675213675213675
-4.102564102564102
0.19536019536019536
2.93040293040293
1.7582417582417582
4.102564102564102
-0.5860805860805861
-0.19536019536019536
11.916971916971917
27.155067155067155
36.14163614163614
34.57875457875458
29.499389499389498
27.936507936507937
26.764346764346765
20.903540903540904
14.261294261294262
7.228327228327228
-0.19536019536019536
-4.884004884004884
-12.698412698412698
-23.247863247863247
-34.57875457875458
-34.969474969474966
-32.234432234432234
-15.824175824175825
-2.93040293040293
5.274725274725275
4.493284493284493
4.102564102564102
6.837606837606837
9.963369963369964
8.791208791208792
7.619047619047619
8.00976800976801
5.274725274725275
-1.3675213675213675
-8.791208791208792
-22.466422466422465
-33.7973137973138
-25.592185592185594
-18.55921855921856
-14.652014652014651
-4.102564102564102
-0.19536019536019536
-3.3211233211233213
0.19536019536019536
6.446886446886447
9.963369963369964
13.089133089133089
18.55921855921856
17.387057387057386
11.135531135531135
2.93040293040293
-13.47985347985348
-22.466422466422465
-16.996336996336996
-5.665445665445666
-6.056166056166056
-8.00976800976801
-7.619047619047619
-12.698412698412698
-13.870573870573871
-10.354090354090355
-8.791208791208792
-5.665445665445666
0.5860805860805861
3.3211233211233213
0.9768009768009768
1.3675213675213675
-5.274725274725275
-7.228327228327228
2.5396825396825395
13.870573870573871
22.466422466422465
22.075702075702075
17.387057387057386
15.042735042735043
10.744810744810744
4.102564102564102
0.19536019536019536
-2.93040293040293
-1.7582417582417582
-2.148962148962149
-5.665445665445666
-12.698412698412698
-22.466422466422465
-23.63858363858364
-17.387057387057386
-4.884004884004884
6.446886446886447
15.824175824175825
11.526251526251526
7.228327228327228
8.00976800976801
6.056166056166056
0.19536019536019536
-2.148962148962149
-2.93040293040293
-5.665445665445666
-9.572649572649572
-16.214896214896214
-29.10866910866911
-33.40659340659341
-25.592185592185594
-13.089133089133089
-6.837606837606837
3.3211233211233213
5.665445665445666
0.19536019536019536
0.5860805860805861
3.711843711843712
5.274725274725275
5.665445665445666
10.354090354090355
8.00976800976801
0.19536019536019536
-7.619047619047619
-22.857142857142858
-34.18803418803419
-30.671550671550673
-20.12210012210012
-20.512820512820515
-20.12210012210012
-17.387057387057386
-18.55921855921856
-22.075702075702075
-21.684981684981686
-20.512820512820515
-20.512820512820515
-13.089133089133089
-6.446886446886447
-8.4004884004884
-8.791208791208792
-16.214896214896214
-19.34065934065934
-12.307692307692308
0.19536019536019536
8.4004884004884
6.837606837606837
4.493284493284493
5.274725274725275
7.619047619047619
8.791208791208792
11.135531135531135
12.698412698412698
16.605616605616607
18.168498168498168
15.433455433455434
10.354090354090355
1.7582417582417582
-1.7582417582417582
2.148962148962149
9.181929181929181
15.042735042735043
17.77777777777778
11.135531135531135
3.711843711843712
1.3675213675213675
-0.9768009768009768
-6.837606837606837
-10.744810744810744
-9.181929181929181
-8.00976800976801
-10.744810744810744
-16.214896214896214
-29.10866910866911
-39.65811965811966
-37.313797313797316
-31.843711843711844
-30.671550671550673
-22.857142857142858
-22.075702075702075
-28.71794871794872
-30.28083028083028
-27.545787545787547
-26.373626373626372
-24.02930402930403
-16.605616605616607
-17.387057387057386
-22.466422466422465
-24.02930402930403
-33.40659340659341
-40.04884004884005
-25.592185592185594
-16.214896214896214
-16.605616605616607
-16.214896214896214
-16.605616605616607
-19.731379731379732
-21.684981684981686
-20.12210012210012
-20.512820512820515
-18.94993894993895
-11.135531135531135
-6.056166056166056
-4.102564102564102
-3.3211233211233213
-9.572649572649572
-14.652014652014651
-11.135531135531135
1.3675213675213675
8.00976800976801
5.665445665445666
3.3211233211233213
2.148962148962149
1.3675213675213675
0.5860805860805861
0.9768009768009768
0.9768009768009768
4.102564102564102
6.837606837606837
5.274725274725275
2.148962148962149
-4.884004884004884
-7.619047619047619
1.3675213675213675
7.619047619047619
17.387057387057386
24.42002442002442
21.684981684981686
19.731379731379732
20.903540903540904
20.512820512820515
14.261294261294262
9.181929181929181
9.572649572649572
9.963369963369964
9.181929181929181
4.493284493284493
-5.665445665445666
-9.181929181929181
-9.181929181929181
2.5396825396825395
5.274725274725275
11.135531135531135
13.870573870573871
7.228327228327228
5.274725274725275
4.884004884004884
0.19536019536019536
-2.93040293040293
-2.148962148962149
-6.837606837606837
-12.307692307692308
-16.996336996336996
-30.671550671550673
-37.313797313797316
-26.764346764346765
-18.168498168498168
-19.731379731379732
-22.466422466422465
-25.982905982905983
-33.40659340659341
-36.53235653235653
-33.40659340659341
-30.671550671550673
-27.155067155067155
-20.903540903540904
-17.77777777777778
-21.294261294261293
-25.2014652014652
-33.40659340659341
-33.7973137973138
-29.10866910866911
-8.4004884004884
3.3211233211233213
6.056166056166056
6.056166056166056
7.228327228327228
8.00976800976801
6.837606837606837
8.4004884004884
9.572649572649572
15.824175824175825
18.55921855921856
16.605616605616607
9.963369963369964
-5.665445665445666
-7.619047619047619
-4.884004884004884
2.93040293040293
10.744810744810744
13.089133089133089
6.837606837606837
4.102564102564102
8.4004884004884
10.744810744810744
8.00976800976801
4.493284493284493
2.5396825396825395
2.5396825396825395
1.7582417582417582
-2.93040293040293
-15.433455433455434
-19.34065934065934
-20.12210012210012
-7.619047619047619
-1.3675213675213675
6.056166056166056
10.354090354090355
4.102564102564102
2.148962148962149
4.493284493284493
5.274725274725275
7.619047619047619
13.870573870573871
17.387057387057386
18.168498168498168
18.168498168498168
10.354090354090355
8.4004884004884
16.996336996336996
29.10866910866911
29.10866910866911
28.327228327228326
30.28083028083028
28.71794871794872
27.155067155067155
29.499389499389498
28.71794871794872
28.71794871794872
32.62515262515262
33.7973137973138
27.155067155067155
17.77777777777778
2.148962148962149
-10.354090354090355
-11.135531135531135
-1.3675213675213675
1.3675213675213675
-0.19536019536019536
-4.493284493284493
-5.274725274725275
-4.102564102564102
-5.665445665445666
-8.00976800976801
-10.354090354090355
-11.916971916971917
-14.652014652014651
-19.731379731379732
-31.45299145299145
-47.863247863247864
-49.42612942612943
-51.37973137973138
-39.65811965811966
-29.10866910866911
-25.2014652014652
-30.28083028083028
-35.75091575091575
-36.92307692307692
-39.65811965811966
-44.346764346764346
-44.346764346764346
-41.61172161172161
-37.313797313797316
-33.40659340659341
-33.40659340659341
-42.39316239316239
-41.61172161172161
-32.234432234432234
-19.731379731379732
-11.916971916971917
-0.5860805860805861
2.93040293040293
0.19536019536019536
4.102564102564102
8.00976800976801
9.963369963369964
13.870573870573871
19.34065934065934
21.294261294261293
19.34065934065934
16.996336996336996
4.102564102564102
-4.102564102564102
5.665445665445666
16.605616605616607
22.075702075702075
29.89010989010989
36.53235653235653
38.485958485958484
39.26739926739927
41.221001221001224
42.002442002442
42.78388278388278
45.90964590964591
43.56532356532357
34.18803418803419
25.592185592185594
11.916971916971917
6.056166056166056
11.135531135531135
21.684981684981686
28.327228327228326
24.42002442002442
20.903540903540904
18.55921855921856
19.34065934065934
18.55921855921856
17.77777777777778
18.94993894993895
22.466422466422465
24.81074481074481
21.684981684981686
14.261294261294262
-0.5860805860805861
-6.837606837606837
-8.00976800976801
-0.19536019536019536
7.228327228327228
10.744810744810744
4.493284493284493
-0.9768009768009768
-0.5860805860805861
1.3675213675213675
1.3675213675213675
4.493284493284493
8.4004884004884
11.526251526251526
11.526251526251526
8.791208791208792
0.5860805860805861
-5.665445665445666
0.19536019536019536
8.791208791208792
11.916971916971917
19.34065934065934
21.684981684981686
14.261294261294262
13.47985347985348
16.605616605616607
18.94993894993895
20.903540903540904
27.155067155067155
27.155067155067155
24.81074481074481
21.294261294261293
8.791208791208792
5.274725274725275
10.744810744810744
26.373626373626372
30.28083028083028
31.843711843711844
34.57875457875458
32.62515262515262
29.10866910866911
29.499389499389498
29.499389499389498
30.671550671550673
36.53235653235653
42.39316239316239
41.221001221001224
40.43956043956044
33.01587301587302
29.499389499389498
38.095238095238095
55.67765567765568
65.05494505494505
65.83638583638583
63.88278388278388
63.101343101343105
66.22710622710623
68.18070818070818
68.96214896214896
70.91575091575092
72.47863247863248
71.30647130647131
66.61782661782662
57.24053724053724
42.39316239316239
35.75091575091575
36.92307692307692
38.095238095238095
44.737484737484735
45.51892551892552
36.92307692307692
29.499389499389498
25.982905982905983
23.247863247863247
18.94993894993895
15.433455433455434
15.824175824175825
14.261294261294262
9.181929181929181
0.5860805860805861
-14.261294261294262
-21.684981684981686
-21.294261294261293
-13.089133089133089
-10.354090354090355
-5.665445665445666
-7.228327228327228
-15.824175824175825
-19.34065934065934
-18.168498168498168
-18.55921855921856
-18.55921855921856
-14.652014652014651
-15.042735042735043
-19.34065934065934
-24.42002442002442
-37.704517704517706
-45.51892551892552
-37.704517704517706
-26.764346764346765
-23.247863247863247
-21.294261294261293
-18.94993894993895
-20.12210012210012
-22.075702075702075
-21.684981684981686
-22.857142857142858
-22.857142857142858
-20.903540903540904
-22.075702075702075
-25.982905982905983
-29.89010989010989
-40.83028083028083
-41.61172161172161
-35.36019536019536
-19.34065934065934
-8.4004884004884
-7.228327228327228
-9.181929181929181
-9.963369963369964
-10.744810744810744
-12.698412698412698
-14.652014652014651
-15.433455433455434
-13.870573870573871
-13.870573870573871
-17.77777777777778
-24.81074481074481
-34.969474969474966
-37.704517704517706
-34.18803418803419
-22.857142857142858
-13.870573870573871
-9.181929181929181
-13.47985347985348
-16.605616605616607
-14.261294261294262
-12.307692307692308
-15.433455433455434
-16.214896214896214
-16.996336996336996
-18.94993894993895
-22.075702075702075
-27.155067155067155
-38.876678876678874
-43.56532356532357
-31.843711843711844
-22.466422466422465
-15.042735042735043
-2.93040293040293
-0.9768009768009768
-4.102564102564102
-4.884004884004884
-1.7582417582417582
-2.148962148962149
0.19536019536019536
9.181929181929181
14.261294261294262
15.042735042735043
14.261294261294262
4.884004884004884
-0.9768009768009768
9.181929181929181
28.327228327228326
32.234432234432234
36.53235653235653
41.61172161172161
38.876678876678874
37.704517704517706
39.26739926739927
36.92307692307692
34.969474969474966
38.485958485958484
40.04884004884005
33.7973137973138
29.89010989010989
18.55921855921856
10.354090354090355
16.214896214896214
28.327228327228326
33.7973137973138
30.28083028083028
25.2014652014652
20.12210012210012
17.77777777777778
15.042735042735043
10.744810744810744
6.837606837606837
8.4004884004884
8.00976800976801
6.446886446886447
4.493284493284493
-2.93040293040293
-6.056166056166056
2.148962148962149
9.963369963369964
20.12210012210012
26.764346764346765
27.155067155067155
25.592185592185594
29.89010989010989
32.62515262515262
30.28083028083028
29.499389499389498
30.28083028083028
30.28083028083028
27.545787545787547
21.684981684981686
9.963369963369964
3.3211233211233213
9.963369963369964
14.652014652014651
15.042735042735043
18.168498168498168
16.996336996336996
9.181929181929181
8.4004884004884
8.4004884004884
3.3211233211233213
0.19536019536019536
-0.5860805860805861
-6.837606837606837
-13.870573870573871
-21.294261294261293
-37.313797313797316
-45.12820512820513
-34.969474969474966
-26.373626373626372
-25.2014652014652
-24.42002442002442
-24.81074481074481
-26.764346764346765
-27.545787545787547
-26.764346764346765
-29.10866910866911
-29.10866910866911
-24.81074481074481
-23.63858363858364
-26.373626373626372
-28.71794871794872
-38.876678876678874
-43.956043956043956
-37.313797313797316
-22.857142857142858
-13.47985347985348
-10.354090354090355
-7.228327228327228
-3.3211233211233213
2.148962148962149
5.274725274725275
7.228327228327228
6.837606837606837
11.135531135531135
13.089133089133089
9.572649572649572
3.711843711843712
-7.619047619047619
-12.698412698412698
-9.963369963369964
-0.9768009768009768
6.446886446886447
9.572649572649572
2.148962148962149
-3.711843711843712
-4.884004884004884
-5.665445665445666
-8.4004884004884
-10.354090354090355
-8.791208791208792
-6.446886446886447
-8.4004884004884
-12.307692307692308
-25.2014652014652
-34.57875457875458
-31.062271062271062
-24.42002442002442
-21.294261294261293
-13.870573870573871
-11.526251526251526
-18.55921855921856
-18.94993894993895
-15.042735042735043
-13.47985347985348
-9.572649572649572
-1.3675213675213675
0.19536019536019536
-1.3675213675213675
-2.148962148962149
-12.698412698412698
-16.605616605616607
-3.3211233211233213
11.135531135531135
14.652014652014651
16.605616605616607
16.996336996336996
15.433455433455434
12.698412698412698
14.261294261294262
12.698412698412698
13.47985347985348
19.34065934065934
21.684981684981686
19.34065934065934
16.214896214896214
3.3211233211233213
-3.3211233211233213
1.3675213675213675
14.261294261294262
21.684981684981686
22.857142857142858
19.34065934065934
16.996336996336996
15.433455433455434
10.744810744810744
7.228327228327228
6.056166056166056
8.00976800976801
6.446886446886447
2.148962148962149
-6.446886446886447
-22.857142857142858
-22.857142857142858
-19.731379731379732
-13.089133089133089
-3.711843711843712
-1.7582417582417582
-6.837606837606837
-10.744810744810744
-8.791208791208792
-7.228327228327228
-7.228327228327228
-8.4004884004884
-6.837606837606837
-6.056166056166056
-7.228327228327228
-9.572649572649572
-18.55921855921856
-18.94993894993895
-13.47985347985348
-3.3211233211233213
-1.3675213675213675
4.102564102564102
4.102564102564102
-1.7582417582417582
-2.5396825396825395
-2.5396825396825395
-4.884004884004884
-6.837606837606837
-3.3211233211233213
-6.056166056166056
-8.4004884004884
-11.526251526251526
-25.2014652014652
-30.671550671550673
-20.903540903540904
-5.274725274725275
-0.5860805860805861
4.493284493284493
8.00976800976801
7.228327228327228
4.884004884004884
4.884004884004884
2.148962148962149
1.3675213675213675
5.274725274725275
6.446886446886447
1.7582417582417582
-4.493284493284493
-17.387057387057386
-20.903540903540904
-17.387057387057386
4.493284493284493
17.77777777777778
20.903540903540904
23.247863247863247
23.63858363858364
23.63858363858364
24.02930402930403
24.42002442002442
22.857142857142858
23.247863247863247
20.12210012210012
14.261294261294262
4.884004884004884
-9.572649572649572
-6.837606837606837
-8.00976800976801
-1.3675213675213675
4.493284493284493
3.711843711843712
-3.711843711843712
-6.446886446886447
-4.102564102564102
-2.93040293040293
-2.5396825396825395
0.19536019536019536
2.93040293040293
4.884004884004884
3.3211233211233213
-3.3211233211233213
-20.903540903540904
-26.764346764346765
-22.857142857142858
-15.433455433455434
-10.354090354090355
-2.93040293040293
-3.711843711843712
-10.354090354090355
-13.47985347985348
-13.089133089133089
-16.605616605616607
-18.55921855921856
-15.824175824175825
-17.77777777777778
-21.294261294261293
-22.075702075702075
-30.671550671550673
-31.062271062271062
-17.77777777777778
0.19536019536019536
6.056166056166056
12.307692307692308
15.433455433455434
13.870573870573871
11.916971916971917
13.47985347985348
14.261294261294262
18.55921855921856
24.81074481074481
24.81074481074481
18.168498168498168
8.4004884004884
-7.228327228327228
-13.870573870573871
-13.870573870573871
-0.5860805860805861
5.665445665445666
2.148962148962149
-0.9768009768009768
-4.493284493284493
-5.274725274725275
-7.228327228327228
-10.744810744810744
-11.916971916971917
-9.572649572649572
-9.572649572649572
-12.307692307692308
-18.168498168498168
-28.71794871794872
-31.062271062271062
-23.63858363858364
-16.214896214896214
-6.056166056166056
0.9768009768009768
0.19536019536019536
3.711843711843712
10.354090354090355
15.824175824175825
15.042735042735043
16.214896214896214
17.77777777777778
20.512820512820515
22.466422466422465
19.34065934065934
9.572649572649572
3.3211233211233213
7.619047619047619
13.870573870573871
15.433455433455434
22.075702075702075
22.075702075702075
16.214896214896214
15.824175824175825
19.731379731379732
17.77777777777778
17.387057387057386
22.466422466422465
22.857142857142858
20.903540903540904
19.34065934065934
6.446886446886447
-0.9768009768009768
5.274725274725275
18.168498168498168
19.34065934065934
20.12210012210012
20.903540903540904
14.261294261294262
6.837606837606837
1.7582417582417582
-3.711843711843712
-6.056166056166056
-1.3675213675213675
-1.3675213675213675
-6.837606837606837
-14.652014652014651
-28.327228327228326
-34.969474969474966
-30.28083028083028
-18.55921855921856
-14.261294261294262
-15.824175824175825
-20.512820512820515
-22.075702075702075
-20.12210012210012
-21.684981684981686
-21.294261294261293
-20.903540903540904
-17.387057387057386
-11.135531135531135
-11.135531135531135
-16.605616605616607
-25.592185592185594
-25.592185592185594
-27.545787545787547
-16.605616605616607
-6.446886446886447
-2.5396825396825395
-5.274725274725275
-8.00976800976801
-7.228327228327228
-8.791208791208792
-10.354090354090355
-9.572649572649572
-8.791208791208792
-7.619047619047619
-10.744810744810744
-16.214896214896214
-30.671550671550673
-36.92307692307692
-28.71794871794872
-23.247863247863247
-18.55921855921856
-10.354090354090355
-7.619047619047619
-11.916971916971917
-8.791208791208792
-7.619047619047619
-9.963369963369964
-9.572649572649572
-6.837606837606837
-5.665445665445666
-8.00976800976801
-12.698412698412698
-24.42002442002442
-29.10866910866911
-23.247863247863247
-6.446886446886447
-4.102564102564102
-2.93040293040293
0.5860805860805861
0.5860805860805861
0.19536019536019536
2.93040293040293
2.93040293040293
1.7582417582417582
6.446886446886447
7.619047619047619
2.5396825396825395
0.19536019536019536
-8.00976800976801
-15.042735042735043
-5.665445665445666
8.00976800976801
16.605616605616607
18.94993894993895
19.34065934065934
21.294261294261293
25.2014652014652
32.234432234432234
36.14163614163614
40.04884004884005
45.12820512820513
46.69108669108669
40.04884004884005
31.843711843711844
19.731379731379732
15.824175824175825
19.34065934065934
27.155067155067155
33.7973137973138
35.75091575091575
28.327228327228326
20.903540903540904
18.168498168498168
16.996336996336996
14.261294261294262
15.433455433455434
19.731379731379732
21.684981684981686
20.512820512820515
15.042735042735043
2.5396825396825395
-2.148962148962149
4.493284493284493
13.089133089133089
18.168498168498168
27.155067155067155
30.671550671550673
25.2014652014652
25.2014652014652
25.2014652014652
21.684981684981686
18.94993894993895
21.684981684981686
19.34065934065934
14.652014652014651
9.572649572649572
-3.711843711843712
-10.354090354090355
-1.7582417582417582
11.526251526251526
14.652014652014651
17.387057387057386
18.168498168498168
16.996336996336996
11.135531135531135
10.354090354090355
5.665445665445666
2.148962148962149
4.493284493284493
4.493284493284493
-0.9768009768009768
-3.3211233211233213
-10.744810744810744
-13.089133089133089
-1.3675213675213675
14.261294261294262
25.982905982905983
27.936507936507937
28.71794871794872
29.499389499389498
31.843711843711844
31.45299145299145
27.545787545787547
21.294261294261293
19.731379731379732
17.77777777777778
11.526251526251526
5.274725274725275
-5.274725274725275
-9.963369963369964
-4.884004884004884
6.446886446886447
18.55921855921856
25.592185592185594
